  -3.5527109285180719E-015  -2.1100105415475336E-014   1.0618332126115999E-014   7.1124847354970604E-015  -1.4206924014512051E-014   1.0658817115934391E-014   1.0657845918418859E-014   2.4868914338196262E-014   3.1974109306798463E-014   6.0395645755458346E-014   5.6842934112004809E-014   8.8817095897542884E-014   4.6184888407908850E-014   5.3290256461357599E-014   2.8421470116284267E-014   5.6842940425902060E-014   6.7500991943744891E-014   6.0395624564646156E-014   4.6184889528004472E-014   4.2632205870662075E-014   2.4868786851809490E-014   2.4868786950810269E-014   2.8421470919812775E-014   4.2632206566648031E-014   1.7763419484223001E-014   3.1974155224610313E-014   4.2632207178646795E-014   4.9737575299526780E-014   6.0395627474347021E-014   6.7500995788901844E-014   6.3948312169080378E-014   4.9737576428217673E-014   6.7500996996866348E-014   8.8817101875705055E-014   6.7500997867085974E-014   6.0395630077072624E-014   7.8159051228786366E-014   6.3948315096182253E-014   4.2632210375007975E-014   6.0395631816160766E-014   6.3948316530479242E-014   8.5264422709249397E-014   9.2369792009337817E-014   1.1723858312714476E-013   9.9475162274627721E-014   6.3948319152124771E-014   1.1368590170715435E-013   8.5264427039288226E-014   9.5922481289390630E-014   6.0395636925522654E-014   2.8421476467660820E-014   4.9737584294636857E-014   3.1974161643666559E-014   2.8421477298009454E-014   7.8159063355975455E-014   5.3290271014662508E-014   7.1053695423609808E-015   7.1053696172018123E-015  -2.1316109079392061E-014  -3.9079533735736606E-014  -2.4868794468690260E-014  -4.6184904527491944E-014  -5.3290275055854836E-014  -3.9079535487328168E-014   1.7763425426912305E-014  -1.0658055380867956E-014  -2.1316111014093269E-014   3.5526852115534074E-015   1.4210741018247561E-014   0.0000000000000000        3.5526853419591887E-015  -2.8421483090656017E-014  -1.7763427155717832E-014   7.1053709527714904E-015  -5.3290282830753602E-014  -2.4868798976901140E-014  -3.5526856146128678E-015  -2.8421485291953219E-014   3.5526857087640672E-014   1.0658057269242078E-014   4.2632229653223076E-014   3.5526858528190529E-015   3.1974173114010540E-014   3.5526859506392975E-014   8.1711778001327124E-014   5.6842976796850616E-014   6.3948349797599082E-014   1.1013327065740536E-013   8.1711782620948574E-014   4.2632235022476943E-014   2.8421490424932123E-014   4.2632236255581371E-014   2.8421491251276082E-014   1.7763432292201159E-014   1.4210746042858103E-014   2.1316119379337460E-014   3.1974179543601475E-014   1.4210746675613990E-014  -7.1053734441131782E-015  -1.7763433877026788E-014  -3.1974181460460893E-014  -2.4868808178556257E-014  -3.5526869365279597E-014  -7.1053739811234894E-014  -8.8817176118563065E-014  -8.8817177476505931E-014  -3.1974184381544131E-014  -9.2369867409736052E-014  -7.4606432517453938E-014  -9.5922557572564380E-014  -8.8817184308907754E-014  -1.1368599767320584E-013  -9.5922562021734660E-014  -9.2369875970908210E-014  -9.2369877403602688E-014  -1.4921288119867239E-013  -1.2789675729921579E-013  -1.1723869601208302E-013  -1.3500213689914121E-013  -1.6697632981132369E-013  -1.6342364448118879E-013  -1.5987095903967618E-013  -1.5987096152019922E-013  -1.6697634017652808E-013  -1.5631827833114478E-013  -1.4921290435188279E-013  -1.6342365967233212E-013  -1.3855484403367493E-013  -1.7763441816363835E-013  -1.5276560196915212E-013  -1.7763442361945919E-013  -1.3500216401721642E-013  -1.4210754324066294E-013  -1.2789679086440104E-013  -1.2789679280673661E-013  -1.0658066228605075E-013  -8.8817219912236399E-014  -9.5922598948092980E-014  -8.8817222579462614E-014  -7.8159157037001021E-014  -7.4606469190387195E-014  -5.6843024986964016E-014  -4.9737647597055686E-014  -1.0658067498680399E-014  -2.1316135308781324E-014  -1.4210757079104854E-014  -2.4868825248086660E-014  -2.4868825605807363E-014  -2.8421515384606072E-014  -1.0658068420796110E-014   3.5526895238179336E-015   0.0000000000000000        3.5526896233085002E-015   2.8421517380497438E-014   0.0000000000000000       -3.5526897700410383E-015  -3.9079588000734676E-014  -1.7763449330450408E-014  -2.8421519308454394E-014  -2.8421519685119671E-014  -3.1974210065981147E-014  -7.1053801072443635E-014  -9.2369942587108618E-014  -5.6843042319505165E-014  -6.3948423420158168E-014  -3.5526902346149556E-014  -4.2632283345355046E-014  -2.8421522579958018E-014  -6.3948426583544040E-014  -7.1053808170897406E-014  -9.9475332624199927E-014  -9.5922643302980604E-014  -8.8817263351336762E-014  -9.2369954947613859E-014  -8.5264574766237161E-014  -9.2369957032630080E-014  -8.8817267360618726E-014  -6.7501123931249891E-014  -7.4606506201310596E-014  -8.5264579421270779E-014  -6.3948435235247781E-014  -5.3290363245501349E-014  -8.8817272977636184E-014  -8.5264582910691539E-014  -4.6184982864111897E-014  -5.3290365358558256E-014  -6.3948439038175180E-014  -2.1316146545150893E-014  -1.0658073370332540E-014  -1.0658073466283112E-014  -7.1053823736062743E-015  -7.1053824351296941E-015   7.1053824954143893E-015  -3.9079604049472558E-014  -3.5526913061123983E-015   1.0658074003093845E-014   7.1053827239526939E-015   1.4210765555771027E-014   0.0000000000000000        2.8421531527360068E-014   4.2632297591057258E-014   4.6184989373363060E-014   2.1316149083564323E-014   4.6184989980001552E-014   3.5526915592420827E-014   7.4606523198479485E-014   4.9737682425659164E-014   1.0658074866290518E-013   3.9079608058354689E-014   7.1053833210887633E-014   4.2632300144648154E-014   7.8159217316279076E-014   6.3948450833325482E-014   6.0395759393367851E-014   4.6184992676798704E-014   6.0395759903036707E-014   6.7501143685442887E-014   3.1974226075028357E-014   1.4210767194353623E-014   2.8421534482705877E-014   4.6184993677702031E-014   1.7763459158283228E-014   3.5526918412215470E-015   1.0658075550160741E-014   1.7763459290777841E-014   2.4868843058563316E-014   7.1053837443525302E-015   4.6184994412945853E-014   3.5526918836206497E-015   0.0000000000000000        1.4210767589260510E-014   1.7763459358192370E-014  -4.9737687728351851E-014  -2.1316149501295319E-014  -3.5527136788005065E-015
   7.7306849030632957E-005  0.48155230554541145      -0.36127083933376747      -0.94139789837291499       0.63087073367760627       0.55584599992695971       0.51446206116989224       0.52102403277544451       0.48866522456014738       0.45076194555558263       0.41195651161626573       0.37125206337990463       0.33831955872447683       0.29839312720022465       0.25998443602017668       0.22918943670110536       0.19711128869072067       0.17052570475034984       0.15317820387212397       0.13707879744896953       0.12645325800614510       0.12034157126614907       0.11741614954148914       0.11957708470231747       0.11950090364279237       0.11968247622221036       0.12168672498866025       0.11967330771578755       0.11699335475194306       0.11593380360938603       0.11101157130577462       0.10572688941259181        9.9915819992613966E-002   9.3759032776719958E-002   9.0283151808995335E-002   8.4128811755092070E-002   7.8459191668020151E-002   7.5813023039742161E-002   7.1012307826125207E-002   6.7264240901601963E-002   6.6947335776763886E-002   6.4345470516767658E-002   6.2261658557477013E-002   6.0156155610839819E-002   5.7838421616413879E-002   5.8018509710193254E-002   5.5336753785185572E-002   5.2434689899273509E-002   5.1744495189785182E-002   4.8519673116376533E-002   4.5708054445788113E-002   4.5634255784067976E-002   4.3006198790086991E-002   4.0818328405469215E-002   3.8952625552202857E-002   3.7223810298784923E-002   3.6255406442755031E-002   3.4069583143299248E-002   3.3216801203380567E-002   3.2301702491767448E-002   3.0593215302737817E-002   2.9041864443128746E-002   2.7993440735765551E-002   2.7129421713700818E-002   2.6096409174211195E-002   2.4826132649884786E-002   2.3523528882446541E-002   2.2386994665854903E-002   2.1498830277132071E-002   2.0729028673500960E-002   1.9948361541537878E-002   1.8879780967029372E-002   1.7685281843079187E-002   1.6831180053016599E-002   1.6542365289640440E-002   1.6027679173888140E-002   1.4896342628100114E-002   1.3951707296316411E-002   1.3385652498463732E-002   1.2993444825689609E-002   1.2468386190352941E-002   1.1746528672266162E-002   1.0984173400668328E-002   1.0351311028240696E-002   9.9227331603508571E-003   9.5793273512574349E-003   9.2084558013030855E-003   8.5554795014485263E-003   7.7809763001165265E-003   7.2948466463152511E-003   7.3430700781653580E-003   7.1745574516739775E-003   6.3595073887869570E-003   5.6991447027375545E-003   5.4123835763307884E-003   5.3181722998185670E-003   5.1142113579004294E-003   4.7115762568658544E-003   4.2188981719399263E-003   3.7912962443647147E-003   3.5104080828930887E-003   3.3811937375102879E-003   3.2719523231110621E-003   3.0902611469623364E-003   2.6208246203150943E-003   2.0485945469284183E-003   1.8071712676847446E-003   2.0760027049468487E-003   2.0853085111664608E-003   1.4688243728151111E-003   1.0010990371932117E-003   8.8762340973081821E-004   9.4572089116378853E-004   8.7399378524292276E-004   5.9587628007169019E-004   2.6005076957357235E-004   4.1506103101743145E-005   1.1990225748436282E-005   3.9919504177394890E-005  -4.5257445865467643E-006  -3.4636079926383045E-004  -7.9804160442815367E-004  -9.1300969049315961E-004  -5.4963427313294878E-004  -4.6391068439250084E-004  -9.7185211782011688E-004  -1.3389679533838956E-003  -1.3677114741690165E-003  -1.2277550082357967E-003  -1.2113326288662398E-003  -1.3977557418463713E-003  -1.6457854599654933E-003  -1.7844956700696476E-003  -1.7445820090629966E-003  -1.6564123315243250E-003  -1.6444132241240073E-003  -1.9196288514081959E-003  -2.2929699537712371E-003  -2.3345029913089538E-003  -1.9133311696643077E-003  -1.7769510170274766E-003  -2.2414655211943999E-003  -2.5771650317277578E-003  -2.5660300982950713E-003  -2.3581262373135081E-003  -2.2512691041699771E-003  -2.3580061786911970E-003  -2.5815698500342207E-003  -2.7481730982464418E-003  -2.7558725814942459E-003  -2.6164537651332861E-003  -2.4953662402202861E-003  -2.5066794586934981E-003  -2.8093629160620081E-003  -3.1714647825053137E-003  -3.1255650660902347E-003  -2.6368335215810629E-003  -2.4860246445683643E-003  -2.9046113259261234E-003  -3.1982133748698501E-003  -3.1710415696186386E-003  -2.9694562088215287E-003  -2.8724513288152947E-003  -2.9641235438711950E-003  -3.1173260775944215E-003  -3.1734161816532650E-003  -3.0765059295157103E-003  -2.9624281356323717E-003  -2.9507683399727790E-003  -3.2113607778021325E-003  -3.5263107821212210E-003  -3.4465913910912897E-003  -2.9370829835349468E-003  -2.7646670635721364E-003  -3.1660787960656853E-003  -3.4575918162765441E-003  -3.4323919948389559E-003  -3.2212841728991052E-003  -3.0961605769874172E-003  -3.1484204190841024E-003  -3.2646756058148673E-003  -3.2974089471021735E-003  -3.1962013929687384E-003  -3.0930479686359365E-003  -3.0970041024992964E-003  -3.3578178486232042E-003  -3.6502649924233673E-003  -3.5307065133541918E-003  -3.0028970432159855E-003  -2.8391064501992391E-003  -3.2448405508950164E-003  -3.5374532532827709E-003  -3.4981555666303422E-003  -3.2485597193636119E-003  -3.0764379856912374E-003  -3.1084312294831326E-003  -3.2645122394804331E-003  -3.3738959234808864E-003  -3.3353182407615221E-003  -3.1704349191480257E-003  -3.0526176930510394E-003  -3.0781019035838247E-003  -3.3655973737993757E-003  -3.6476460855379375E-003  -3.4390043077086340E-003  -2.7817024712560720E-003  -2.5474318667042220E-003  -2.9598400403041442E-003  -3.3073456682112573E-003  -3.3567720928504895E-003  -3.1878439125357216E-003  -3.0356949415925216E-003  -2.9686251184641295E-003  -2.9129811420912288E-003  -2.7684834756178307E-003  -2.6172390276797439E-003  -2.5037473439730199E-003  -2.6906682251571167E-003  -2.9449433349729806E-003  -2.7040061589852088E-003  -1.8665131999128638E-003  -1.6587807628598318E-003  -2.4183136010323277E-003  -2.8147020399235676E-003  -2.3236338672605605E-003  -1.1727602410044674E-003  -1.4890316810273993E-004  -2.4629469399024996E-004  -1.3712344197625772E-003  -3.0834683090170700E-003  -2.0895399640024508E-003  -2.3904053008525728E-004   5.8089805999860505E-003   5.5289071734485615E-003  -5.9063864910076190E-011
   3.4949913429737183E-005  0.22208514812121166      -0.12561206633789235      -0.29331986019781431        9.5047292820320248E-002   4.1889268864960534E-002   7.7768366938390635E-002   8.4661078666421030E-002   6.8478882100749511E-002   4.8206203945803577E-002   2.4564357804227683E-002  -6.7322954307714317E-004  -2.2703714151480706E-002  -5.1604467619516543E-002  -8.1118658432581078E-002 -0.10569830310222260      -0.13099614512652585      -0.15151653572092533      -0.16380370597977845      -0.17343360186036647      -0.17776361913929103      -0.17685144261987820      -0.17147692090550437      -0.16122604277051469      -0.15192578493153927      -0.14228451985237303      -0.13147864675597207      -0.12401659721243484      -0.11754800628052164      -0.11047383311107864      -0.10689868803672153      -0.10470292522676049      -0.10346996111702791      -0.10258623225275615      -0.10022313810706072      -0.10020973945096091      -0.10014691765565140       -9.8026477410741927E-002  -9.7486502726464100E-002  -9.6019730027505509E-002  -9.1844107657947122E-002  -8.9228318103304144E-002  -8.6662297805792862E-002  -8.4158498735446036E-002  -8.1495843348463784E-002  -7.7170713960875340E-002  -7.5164048169103312E-002  -7.3604513418470768E-002  -7.0652455859231508E-002  -6.9685098979228380E-002  -6.8439097294521578E-002  -6.5222224874470602E-002  -6.3947424833288150E-002  -6.2822648669702066E-002  -6.1467581858007103E-002  -5.9933717728182505E-002  -5.8005706622950300E-002  -5.6928918284213072E-002  -5.4963557219035356E-002  -5.3068909401934851E-002  -5.1978686093380674E-002  -5.0885008216909298E-002  -4.9353803509552721E-002  -4.7673376903970208E-002  -4.6241986195273303E-002  -4.5156291701161366E-002  -4.4204347210317449E-002  -4.3145641512453960E-002  -4.1886886307394566E-002  -4.0557793364070227E-002  -3.9352104111513304E-002  -3.8513975495107211E-002  -3.7850152005021141E-002  -3.6859116280850389E-002  -3.5392377396713887E-002  -3.4206409628475209E-002  -3.3657842616656018E-002  -3.3042707681910727E-002  -3.2071241012867562E-002  -3.0945049672961630E-002  -2.9995979638840577E-002  -2.9314051987461467E-002  -2.8735825536824657E-002  -2.8058497506772452E-002  -2.7200495202381748E-002  -2.6280372653302006E-002  -2.5470639893970810E-002  -2.4993086648409706E-002  -2.4663624287252311E-002  -2.4031565050452813E-002  -2.2934606191976088E-002  -2.2097840685836367E-002  -2.1907659309377259E-002  -2.1664103742697092E-002  -2.1048535871176523E-002  -2.0235318723062518E-002  -1.9553662786935627E-002  -1.9126285442769154E-002  -1.8842095799667946E-002  -1.8518375056587849E-002  -1.8045416084007559E-002  -1.7427509473613937E-002  -1.6807679467812756E-002  -1.6336466790869857E-002  -1.6190366662400459E-002  -1.6150223618406637E-002  -1.5750642723514514E-002  -1.4890254648045990E-002  -1.4313700523182118E-002  -1.4359125388655037E-002  -1.4343361704204787E-002  -1.3965167626687053E-002  -1.3402034523473653E-002  -1.2978945521983368E-002  -1.2798754951412699E-002  -1.2708659174064890E-002  -1.2506059587808527E-002  -1.2115621527917949E-002  -1.1671245445466114E-002  -1.1356921524787584E-002  -1.1364087807981042E-002  -1.1472438581200553E-002  -1.1212988526000948E-002  -1.0515711328382417E-002  -1.0111174730946087E-002  -1.0296170878117253E-002  -1.0416227490475938E-002  -1.0181460171600281E-002  -9.7569902047809839E-003  -9.4575880659262743E-003  -9.3888820973156983E-003  -9.4073423857650284E-003  -9.3171888543632057E-003  -9.0464675098421207E-003  -8.7270539381389435E-003  -8.5343825829047749E-003  -8.6452214255700651E-003  -8.8382918531714778E-003  -8.6619941580347633E-003  -8.0583200662217077E-003  -7.7526304536633091E-003  -8.0411773181050701E-003  -8.2699869387371627E-003  -8.1276921485296822E-003  -7.7594456697076307E-003  -7.4889149930680125E-003  -7.4624032757953816E-003  -7.5825782177900104E-003  -7.6509459455879657E-003  -7.5412011806172859E-003  -7.2760755018981124E-003  -7.0348670941652045E-003  -6.9811644335678021E-003  -7.2330945896844625E-003  -7.5130904631770584E-003  -7.3447618731172660E-003  -6.7588506979463486E-003  -6.5152774357541861E-003  -6.8465847040939829E-003  -7.1201716271564819E-003  -7.0490724017657639E-003  -6.7737604215204741E-003  -6.5929945020980129E-003  -6.6176397457665109E-003  -6.7221932563327341E-003  -6.7292929234489254E-003  -6.5832648199238269E-003  -6.4209752154281829E-003  -6.4039455486133243E-003  -6.6625184003175388E-003  -6.9384271671300698E-003  -6.7770622165982588E-003  -6.2122055102435316E-003  -5.9936533881907970E-003  -6.3584323292587329E-003  -6.6816024807191642E-003  -6.6632893972118036E-003  -6.4245088327852685E-003  -6.2548944156268459E-003  -6.2735474227490979E-003  -6.3725134600651195E-003  -6.3899700237391773E-003  -6.2775400966423641E-003  -6.1671488977963415E-003  -6.2048546109498689E-003  -6.4979372809422700E-003  -6.7784613855232786E-003  -6.6030890630100880E-003  -6.0444433188801463E-003  -5.8598134715101453E-003  -6.2593116319087216E-003  -6.6111592456015184E-003  -6.6027180595038268E-003  -6.3474451233222024E-003  -6.1544847574201847E-003  -6.1836765085798526E-003  -6.3582471377790903E-003  -6.4892728906069267E-003  -6.4564551947155491E-003  -6.2938477810356129E-003  -6.1848901597427244E-003  -6.2682278709777521E-003  -6.6138587748533198E-003  -6.9025517458958484E-003  -6.6532493356575564E-003  -5.9854018468194934E-003  -5.7579787181062806E-003  -6.2080526531935317E-003  -6.6724213431277003E-003  -6.8046695974667221E-003  -6.6611602729188622E-003  -6.4834110883204297E-003  -6.3752873073609616E-003  -6.2804887800634278E-003  -6.1224261061664743E-003  -5.9749151214099723E-003  -5.9360759557945788E-003  -6.1973348998751645E-003  -6.4719671187019904E-003  -6.1819128704091158E-003  -5.3592447799510768E-003  -5.1786666629885878E-003  -5.9318008526732541E-003  -6.3636090604193276E-003  -5.7982863691918331E-003  -4.5088728966565699E-003  -3.4625773786523132E-003  -3.6967182271336113E-003  -5.1650742942825753E-003  -6.7874957124043761E-003  -5.7369116144975864E-003  -2.6493460362882549E-003   3.2521327232246165E-003   2.6687670825103773E-003   1.8275159163759099E-011
   3.9737923542411237E-005   8.1547879914027677E-002   9.5909604391499453E-002  0.16880861283047274       0.14955652760631702       0.14729436591358264        4.3613573386528007E-002  -1.4761847267005685E-002   1.5723851913898754E-003   2.5747749093610302E-003   8.3490400908642296E-003   6.0559895320842494E-003   4.3568951759266807E-003  -7.2910354526525790E-003  -2.2990821285461326E-002  -3.6969295362304408E-002  -5.4840145542262145E-002  -7.0904792251381618E-002  -8.1350027420344584E-002  -9.1260410789609739E-002  -9.7257747811408654E-002  -9.8837490228529223E-002  -9.6230801678496236E-002  -8.8474193116752364E-002  -8.1152336170668596E-002  -7.2776062130205280E-002  -6.2457713061524187E-002  -5.4736621368970770E-002  -4.7376284731020180E-002  -3.8957691288331660E-002  -3.3840890103619223E-002  -3.0033815680464301E-002  -2.7344022869559170E-002  -2.5339922099119970E-002  -2.2231021053120342E-002  -2.1973305764614207E-002  -2.2176781415674571E-002  -2.0783402491738427E-002  -2.1334653980903843E-002  -2.1207278385021712E-002  -1.8507492350741908E-002  -1.7455092517429570E-002  -1.6382868704441379E-002  -1.5283079041672525E-002  -1.3935304660990818E-002  -1.0766305544006011E-002  -9.8373739580901315E-003  -9.3051402511285033E-003  -7.3506602805166769E-003  -7.3608750261029672E-003  -7.0891079860361406E-003  -4.8659238523065564E-003  -4.6756203467246465E-003  -4.6678853419161821E-003  -4.5201366954689976E-003  -4.2454580591416982E-003  -3.5568123855377505E-003  -3.7384827637415153E-003  -3.0098463559460496E-003  -2.3649106588943553E-003  -2.5000926798734650E-003  -2.6044081371861599E-003  -2.2417040237923567E-003  -1.6926577742102605E-003  -1.3668301951331003E-003  -1.3777936160895505E-003  -1.5177555293364336E-003  -1.5411994799619340E-003  -1.3497565682715946E-003  -1.0808668599253247E-003  -9.3316513981783235E-004  -1.1483375577211743E-003  -1.5182851817487043E-003  -1.5398991606522228E-003  -1.0661163810603391E-003  -8.5670454495208098E-004  -1.2738775271390016E-003  -1.6091537760330207E-003  -1.5681295206024235E-003  -1.3411906548529981E-003  -1.2669017258883884E-003  -1.4450165330221895E-003  -1.7141794022336116E-003  -1.8673473250220868E-003  -1.8190979045990964E-003  -1.6948007449542012E-003  -1.6702517566086934E-003  -1.9648895078472179E-003  -2.3813210386792959E-003  -2.4705773271706541E-003  -2.0753459019799123E-003  -1.9265561053123969E-003  -2.4173523569491050E-003  -2.8424187169176500E-003  -2.8777942794732630E-003  -2.6861347649216848E-003  -2.6043226048443821E-003  -2.7666762648298174E-003  -3.0654122393690012E-003  -3.3104741016420480E-003  -3.3853179256747956E-003  -3.2948322355610287E-003  -3.1940952903223171E-003  -3.2385941123305360E-003  -3.5997790983722318E-003  -4.0427884973961020E-003  -4.1021868969085048E-003  -3.6823899418100682E-003  -3.5364327965591680E-003  -4.0115439523659632E-003  -4.4209280472159692E-003  -4.4568260527280473E-003  -4.2831933238781841E-003  -4.2294840894310463E-003  -4.4081398151302820E-003  -4.6708763514256282E-003  -4.8142061704379603E-003  -4.7609142702821012E-003  -4.6501500425711988E-003  -4.6655804668999049E-003  -4.9918672356622827E-003  -5.3955503879785224E-003  -5.4104401481076181E-003  -4.9747980776699294E-003  -4.8288954521540544E-003  -5.2780758458170268E-003  -5.6630820436056311E-003  -5.6851719233654893E-003  -5.4949381167833013E-003  -5.4110360121033731E-003  -5.5492260513604359E-003  -5.7723139995397282E-003  -5.8856030496785847E-003  -5.8160385290386245E-003  -5.6996667907039510E-003  -5.7096881337691131E-003  -6.0145230949011676E-003  -6.3792540171450354E-003  -6.3553495582594627E-003  -5.8939335014088941E-003  -5.7307389231603398E-003  -6.1706259658869519E-003  -6.5544580703849054E-003  -6.5618908718946250E-003  -6.3243851024117771E-003  -6.1709517977984307E-003  -6.2588579060126456E-003  -6.4963736318201957E-003  -6.6817704719271068E-003  -6.6848563345878976E-003  -6.5286233277269054E-003  -6.3996416471078553E-003  -6.4604241664345460E-003  -6.8187986653238143E-003  -7.1831849946873694E-003  -7.0804242059693588E-003  -6.5525991358490179E-003  -6.3731174456473274E-003  -6.7845812457349728E-003  -7.1489989058807031E-003  -7.1664354670488949E-003  -6.9601717274685015E-003  -6.8311769266157871E-003  -6.9010497454215034E-003  -7.0536305994782925E-003  -7.1158220041253259E-003  -7.0316057508573240E-003  -6.9386430102849660E-003  -6.9908518539774523E-003  -7.3054755368479425E-003  -7.6116374240821775E-003  -7.4618002727968556E-003  -6.9053732794684694E-003  -6.7085091406126861E-003  -7.1187132719258452E-003  -7.5035545100047103E-003  -7.5465414279049115E-003  -7.3478250331768177E-003  -7.1969484427243779E-003  -7.2240751209926065E-003  -7.3332032989438358E-003  -7.3699081263147032E-003  -7.2871426700889504E-003  -7.2167574087438451E-003  -7.2947650133801068E-003  -7.6128482485011877E-003  -7.8900505155293944E-003  -7.6910656649112142E-003  -7.1062675569420848E-003  -6.9115320524638897E-003  -7.3286896805431464E-003  -7.7188236075820330E-003  -7.7520756363487599E-003  -7.5208080857135746E-003  -7.3334492248888104E-003  -7.3589042048491024E-003  -7.5293726447870800E-003  -7.6590490847140563E-003  -7.6289938287567192E-003  -7.4744745413074173E-003  -7.3828471562666746E-003  -7.4868187617283975E-003  -7.8431717169648585E-003  -8.1212591121215833E-003  -7.8498783754028419E-003  -7.1672533453703930E-003  -6.9496059637238683E-003  -7.4399401113381790E-003  -7.9572536129702848E-003  -8.1252385689175345E-003  -7.9699638407904633E-003  -7.7335510899606873E-003  -7.5418392665801996E-003  -7.3706077212622933E-003  -7.1676484063296951E-003  -7.0219198632724923E-003  -7.0202116080484434E-003  -7.3249773733640991E-003  -7.6134610611717701E-003  -7.3021575426250587E-003  -6.4301339360125194E-003  -6.1839808940059712E-003  -6.8676548296080688E-003  -7.2292389901206407E-003  -6.6077486604110940E-003  -5.3001545337488225E-003  -4.3035910839360047E-003  -4.6512539506933410E-003  -6.1796417809148090E-003  -7.7372089139655046E-003  -6.3670692464513111E-003  -2.9805616103763992E-003   3.0957021121131938E-003   2.6628045046472892E-003  -1.9635848502740518E-011
   3.9187083661265621E-005  0.10832438200320954       0.21276782213517248       0.29217575443828597       0.30393584053312017       0.26836938824183998       0.17089156089290233       0.11678623395870436        1.6455417481560663E-002   8.4353758856416092E-002  0.10567696201681070       0.12237955677726187       0.14078033205637383       0.14363365120574093       0.14012953153121238       0.13541270146762632       0.12290972158110065       0.10817883604570866        9.5232715318638139E-002   7.9555079824307290E-002   6.5256764699192824E-002   5.3688488948509396E-002   4.5483538377012828E-002   4.2402336672065909E-002   3.9520227695313305E-002   3.8793875239904942E-002   4.1395929108217273E-002   4.2887975067420467E-002   4.5445714290729217E-002   5.0303374230973266E-002   5.2847631157976478E-002   5.4770401865483931E-002   5.5959472501648039E-002   5.6560301583249359E-002   5.8122498721689106E-002   5.6516667000628754E-002   5.4021968059036481E-002   5.2674141353790685E-002   4.8984089459232313E-002   4.5675472661573922E-002   4.4770007925907615E-002   4.2195191946307116E-002   3.9744932246791230E-002   3.7525417104315097E-002   3.5812207148751878E-002   3.6194752980728752E-002   3.4602477910285111E-002   3.2842249555115728E-002   3.2701810970652577E-002   3.0764289435660976E-002   2.9235036496902230E-002   2.9730952968855862E-002   2.8227142555205396E-002   2.6539024767132824E-002   2.4986270463839354E-002   2.3568932819831287E-002   2.2597081067466204E-002   2.0804091695102514E-002   1.9970329420485589E-002   1.9109805062436848E-002   1.7533923300447129E-002   1.6067388019458902E-002   1.5155014813049122E-002   1.4516376453792869E-002   1.3732010708219423E-002   1.2672750982778414E-002   1.1533829627741726E-002   1.0554494326913154E-002   9.8290722322325053E-003   9.2160175245245123E-003   8.5138833315781572E-003   7.4830153481294549E-003   6.3349894721698901E-003   5.5745020055988082E-003   5.3459473054033105E-003   4.8847187707864639E-003   3.8246954628460175E-003   2.8754256650867652E-003   2.3379906568625057E-003   2.0266729286988732E-003   1.6010593743430500E-003   9.5368916078070155E-004   2.3867125480327327E-004  -3.4069759705599134E-004  -7.0096788397521750E-004  -9.6841338104813131E-004  -1.3178669442480435E-003  -1.9642096208803105E-003  -2.7064327816815241E-003  -3.0956381631680042E-003  -2.9794748475209455E-003  -3.0957026077399110E-003  -3.8425887953640343E-003  -4.5139148772900114E-003  -4.7785724127918944E-003  -4.7941384534417172E-003  -4.8990648636581214E-003  -5.2346200629594958E-003  -5.6978888770983418E-003  -6.0988693845506923E-003  -6.3195063392276147E-003  -6.3662023729797517E-003  -6.3971567203298585E-003  -6.5681434850544578E-003  -7.0450206628505877E-003  -7.5870373164957918E-003  -7.7273606959737543E-003  -7.3757262036982197E-003  -7.2939354977578884E-003  -7.8364882811676646E-003  -8.3162324114468868E-003  -8.4165444203315835E-003  -8.2926296706818912E-003  -8.2720502321969539E-003  -8.4736257787545160E-003  -8.7578303460374672E-003  -8.9272419920435470E-003  -8.9066559287241283E-003  -8.8324690984981410E-003  -8.8813974961161890E-003  -9.2286981154071756E-003  -9.6358632856220570E-003  -9.6390764346326475E-003  -9.1857795280999004E-003  -9.0270693646100839E-003  -9.4753039657965860E-003  -9.8687403594720849E-003  -9.8970244097101884E-003  -9.6995757170825116E-003  -9.5920610195556529E-003  -9.6973025574333665E-003  -9.8890307283301983E-003  -9.9809285295056876E-003  -9.9028581098248528E-003  -9.7871019339533880E-003  -9.7978125115912758E-003  -1.0092151396196366E-002  -1.0429274415511090E-002  -1.0363005325538396E-002  -9.8540909937061671E-003  -9.6496622202778253E-003  -1.0062301135866059E-002  -1.0431236429789817E-002  -1.0425527733039987E-002  -1.0166232463489041E-002  -9.9791818274101683E-003  -1.0026987506302031E-002  -1.0225676666592267E-002  -1.0378971056034983E-002  -1.0358692295406520E-002  -1.0187467880702085E-002  -1.0048105744503447E-002  -1.0095476564925375E-002  -1.0427903659446222E-002  -1.0749823401097904E-002  -1.0592866256938921E-002  -1.0011177383223855E-002  -9.7913068832768766E-003  -1.0183457287487785E-002  -1.0545120814925755E-002  -1.0561048279536087E-002  -1.0339413297892886E-002  -1.0176085037648172E-002  -1.0200512343908768E-002  -1.0310615970915652E-002  -1.0344714197189589E-002  -1.0249745237393654E-002  -1.0155935490956860E-002  -1.0202992851217068E-002  -1.0494147394427443E-002  -1.0754498807115558E-002  -1.0544926646589627E-002  -9.9317430931055994E-003  -9.6977894276741253E-003  -1.0099001182734100E-002  -1.0496282180391428E-002  -1.0553715855419294E-002  -1.0351986362735526E-002  -1.0172816712056719E-002  -1.0154294458301223E-002  -1.0217048217313347E-002  -1.0221331150300255E-002  -1.0124957767722272E-002  -1.0051967669564524E-002  -1.0122206307756584E-002  -1.0411471942452566E-002  -1.0634226172055308E-002  -1.0364603596214494E-002  -9.7120178766933567E-003  -9.4717443965174428E-003  -9.8766796431075023E-003  -1.0282968624657924E-002  -1.0341623727308933E-002  -1.0123827166199815E-002  -9.9262961374708102E-003  -9.9205472325281339E-003  -1.0050621983613513E-002  -1.0144104113820664E-002  -1.0090545291478523E-002  -9.9260488506193421E-003  -9.8305506609092236E-003  -9.9246345563837653E-003  -1.0254586096427223E-002  -1.0489702030165127E-002  -1.0170067704011009E-002  -9.4509263115967069E-003  -9.2211483803064515E-003  -9.7234904733567388E-003  -1.0258249779402201E-002  -1.0419029176386140E-002  -1.0208884537581836E-002  -9.8694942655020695E-003  -9.5523119010929042E-003  -9.2714165926376709E-003  -9.0067457510635725E-003  -8.8564974642307386E-003  -8.8897007902638565E-003  -9.2316594310035815E-003  -9.5229930068542832E-003  -9.1574968235991188E-003  -8.1727938058090092E-003  -7.7725912712252754E-003  -8.2923346044259418E-003  -8.5157788299240807E-003  -7.8145437370421948E-003  -6.5042850155303733E-003  -5.5677546912252891E-003  -5.9735138135224262E-003  -7.4689336157509429E-003  -8.8334485360591353E-003  -7.1583987667103877E-003  -3.4828278735963684E-003   2.7378458291139000E-003   2.3004168685953090E-003  -1.1620926443364298E-011
   3.9249604746147564E-005  0.14411375878270755       0.27681606196798009       0.34422953538904194       0.41410913383679193       0.37528952948918720       0.31719691566678931       0.24784291637714648       0.11610835779257428        4.0204237605191005E-002   2.3617794566856167E-002   8.5855565942660611E-002  0.11048177188826336       0.12421266967184361       0.13518826932943939       0.14248540662300394       0.13908891264678605       0.12944081177210928       0.11777118396928715        9.9807834720263860E-002   8.0165601658507044E-002   6.0962687188367240E-002   4.3713523538619799E-002   3.1067758097971576E-002   1.8903532049729575E-002   9.8186588023120580E-003   5.4369108183318438E-003   1.5734080811151340E-003   4.6545555546818754E-004   3.2593700451962692E-003   5.1443502257436163E-003   7.5319840041514746E-003   9.9851400801834900E-003   1.2311016678809345E-002   1.5743917248440785E-002   1.5889599309412077E-002   1.4824528909874658E-002   1.4466241467286711E-002   1.1297722134651390E-002   8.0841524707760334E-003   6.9493766124079917E-003   3.9608146540609356E-003   1.0515389124944659E-003  -1.5555402085886082E-003  -3.5067181313854770E-003  -3.1698891526133794E-003  -4.6013615126383094E-003  -6.0032375371849569E-003  -5.6037220292094649E-003  -6.8408301740137860E-003  -7.5512489130959808E-003  -6.1737789690880056E-003  -6.7886292720584253E-003  -7.6238044978179150E-003  -8.3768428896297334E-003  -9.0429013063904971E-003  -9.2966603919553224E-003  -1.0395705637014649E-002  -1.0558156637353719E-002  -1.0766385266593421E-002  -1.1696529332993172E-002  -1.2505731920255378E-002  -1.2732162869334275E-002  -1.2649109842754174E-002  -1.2681795615985926E-002  -1.2973201527468791E-002  -1.3341582547301511E-002  -1.3556275988219738E-002  -1.3527613590699166E-002  -1.3399899312156667E-002  -1.3375044677783674E-002  -1.3690416630084841E-002  -1.4131846450644787E-002  -1.4194777144708157E-002  -1.3738358504405690E-002  -1.3532432517190605E-002  -1.3946670941150050E-002  -1.4268080922944624E-002  -1.4185965389810550E-002  -1.3877536432474307E-002  -1.3682617913635571E-002  -1.3715728606688692E-002  -1.3831969351754375E-002  -1.3834520868206482E-002  -1.3642231079539839E-002  -1.3379690430300776E-002  -1.3216375865681541E-002  -1.3360039177849278E-002  -1.3604857643783511E-002  -1.3502224310651231E-002  -1.2904791229517541E-002  -1.2557594542029427E-002  -1.2864658484810543E-002  -1.3117939549077962E-002  -1.2977705363689375E-002  -1.2593546608260311E-002  -1.2303175522867750E-002  -1.2253361831016463E-002  -1.2346929862757072E-002  -1.2395916910551896E-002  -1.2281991280394741E-002  -1.2011572161700020E-002  -1.1742459013329910E-002  -1.1626631338454537E-002  -1.1822686696666239E-002  -1.2083832939825666E-002  -1.1942895686827944E-002  -1.1315703331579986E-002  -1.0973823545123430E-002  -1.1279883159651378E-002  -1.1545300882307739E-002  -1.1442407264580885E-002  -1.1114035446093563E-002  -1.0883456253220649E-002  -1.0875653223394005E-002  -1.0962673830116523E-002  -1.0956621646079249E-002  -1.0784650497913830E-002  -1.0577004129933882E-002  -1.0498186371696097E-002  -1.0711181122552959E-002  -1.0972262669295111E-002  -1.0822160927002250E-002  -1.0219867597326109E-002  -9.9295005711470853E-003  -1.0271680311862291E-002  -1.0580878020487400E-002  -1.0532240160400008E-002  -1.0249692835484858E-002  -1.0043115521760682E-002  -1.0042406671950372E-002  -1.0135773250267700E-002  -1.0149616645747112E-002  -1.0017727924721992E-002  -9.8655107861463209E-003  -9.8428484111905915E-003  -1.0092775611186886E-002  -1.0368464610664842E-002  -1.0228479338925860E-002  -9.6458815099242610E-003  -9.3819029665741117E-003  -9.7588615845864597E-003  -1.0113927200243785E-002  -1.0103209315072413E-002  -9.8327545514412754E-003  -9.6211687837984474E-003  -9.6346517593886537E-003  -9.7993989782502386E-003  -9.9291984256090690E-003  -9.9012956873582459E-003  -9.7371589473038041E-003  -9.6117620584322862E-003  -9.6679685495532925E-003  -9.9938070756306879E-003  -1.0292043892590735E-002  -1.0103013504212010E-002  -9.4959313451149305E-003  -9.2722443596644812E-003  -9.6898735909179533E-003  -1.0099261197967441E-002  -1.0165643727076679E-002  -9.9767970467533832E-003  -9.8202626319310090E-003  -9.8338571687231844E-003  -9.9343272661158895E-003  -9.9769959662969650E-003  -9.9135838286911280E-003  -9.8640867938556732E-003  -9.9491788706249223E-003  -1.0255979306902597E-002  -1.0506850061928705E-002  -1.0274767139950266E-002  -9.6463627410126249E-003  -9.4235462430224820E-003  -9.8712913252742441E-003  -1.0341494550922734E-002  -1.0474507687124905E-002  -1.0326026955387431E-002  -1.0166607782419778E-002  -1.0142959481375471E-002  -1.0197542771564989E-002  -1.0211403226601148E-002  -1.0149403087417136E-002  -1.0125062518757659E-002  -1.0237168764102264E-002  -1.0543405891274601E-002  -1.0754887563272439E-002  -1.0458902856456356E-002  -9.7875801554155924E-003  -9.5585591165521407E-003  -1.0017259965533576E-002  -1.0513313717379139E-002  -1.0674291956566445E-002  -1.0543473481242106E-002  -1.0400267168926133E-002  -1.0417182179030903E-002  -1.0554423445192156E-002  -1.0660272153783644E-002  -1.0638147306530035E-002  -1.0524433736651170E-002  -1.0486336560730333E-002  -1.0626394043392825E-002  -1.0978592962179356E-002  -1.1214048243570475E-002  -1.0887551653885689E-002  -1.0173494164410591E-002  -9.9741944424244309E-003  -1.0531987948981657E-002  -1.1127268789568875E-002  -1.1322841046554004E-002  -1.1098919828843987E-002  -1.0699889212730237E-002  -1.0308541626942398E-002  -9.9842505838195327E-003  -9.7418009976975879E-003  -9.6841505919868960E-003  -9.8511486454813061E-003  -1.0318033079069727E-002  -1.0676685154906138E-002  -1.0291126873847688E-002  -9.1980383249601217E-003  -8.6299301292767690E-003  -8.9744265238523406E-003  -9.0719639147672053E-003  -8.3378199107045654E-003  -7.0975398153813214E-003  -6.2913638782786576E-003  -6.7945222418815295E-003  -8.2502484506265343E-003  -9.3967672570760049E-003  -7.4018328047299603E-003  -3.4709193008404132E-003   2.7945869166897458E-003   2.2337050071169081E-003   1.9323209699008235E-011
   3.9237349576557084E-005  0.14980851046403582       0.31055282393032474       0.40432440734949376       0.46487872564470173       0.45236753121924300       0.42341001233570463       0.34677273624163141       0.24478029677600219       0.14918093135477942        8.4131028631545174E-002   3.2743049126690044E-002   1.0786327917476708E-002   4.2344909315904788E-002   6.4446498802614827E-002   8.7978724165381397E-002   9.6187646918132669E-002   9.6282846030378566E-002   9.1756559319852812E-002   7.7672454164192523E-002   5.8759070599288046E-002   3.7538364117358135E-002   1.6181240289209236E-002  -1.9325119394153333E-003  -2.0174196054728734E-002  -3.5258876489392930E-002  -4.4995727277568495E-002  -5.3156934973298799E-002  -5.7257660556220273E-002  -5.6048641588054449E-002  -5.4361412193261620E-002  -5.0914750995656573E-002  -4.6364873760516595E-002  -4.1185628522270840E-002  -3.4448731518989431E-002  -3.0850427020042526E-002  -2.8587421978476888E-002  -2.5953152516515872E-002  -2.6594100476802905E-002  -2.7794329441209496E-002  -2.7399911954065864E-002  -2.9252306649737731E-002  -3.1303180936052069E-002  -3.3217924963995733E-002  -3.4552842035155941E-002  -3.3606695355841619E-002  -3.4386266671836446E-002  -3.5061178667540813E-002  -3.3834316321197246E-002  -3.4131220360782845E-002  -3.3805746780269180E-002  -3.1340126991570336E-002  -3.0867950224142141E-002  -3.0663954013611248E-002  -3.0449538276677353E-002  -3.0223434485676253E-002  -2.9654645514077909E-002  -3.0002526549124026E-002  -2.9493348390324053E-002  -2.9111389780899454E-002  -2.9519890256453754E-002  -2.9850670075925866E-002  -2.9614438070292126E-002  -2.9066691566233194E-002  -2.8630294236930538E-002  -2.8456980592593058E-002  -2.8375376093121546E-002  -2.8160774724173873E-002  -2.7725181227419651E-002  -2.7212266715819083E-002  -2.6821364056490483E-002  -2.6785748841254755E-002  -2.6888798744804810E-002  -2.6627908113154349E-002  -2.5868308836660567E-002  -2.5387189195535002E-002  -2.5558088418830432E-002  -2.5662064113344350E-002  -2.5373994446848847E-002  -2.4857689117561386E-002  -2.4449569205013160E-002  -2.4271342922826358E-002  -2.4189336331334261E-002  -2.4015172797776502E-002  -2.3670265421440437E-002  -2.3275525537190596E-002  -2.2991704249232071E-002  -2.3016237690069372E-002  -2.3136996951268238E-002  -2.2906161805486099E-002  -2.2183314245944365E-002  -2.1723281077149437E-002  -2.1937650025495026E-002  -2.2116242707162545E-002  -2.1908151198456738E-002  -2.1451924727221912E-002  -2.1082824569778679E-002  -2.0953591325947540E-002  -2.0974654390649883E-002  -2.0962063020276121E-002  -2.0798159177486050E-002  -2.0488843623389486E-002  -2.0189559740027823E-002  -2.0045942675140427E-002  -2.0207381688032260E-002  -2.0420894894478715E-002  -2.0220723899100464E-002  -1.9531729345131844E-002  -1.9138328188771897E-002  -1.9413093244146380E-002  -1.9665157240704962E-002  -1.9552299845748734E-002  -1.9201015505262785E-002  -1.8928371015221664E-002  -1.8866945928527001E-002  -1.8904112008049204E-002  -1.8865100143456277E-002  -1.8680554939925202E-002  -1.8472522747841575E-002  -1.8389561025733265E-002  -1.8579429653758479E-002  -1.8793036929929979E-002  -1.8578382334275109E-002  -1.7910233688954197E-002  -1.7569736234536396E-002  -1.7887823931905807E-002  -1.8193909839547235E-002  -1.8144306673879621E-002  -1.7842558252058337E-002  -1.7590201780511388E-002  -1.7525551084934098E-002  -1.7555498247916898E-002  -1.7523450780427451E-002  -1.7368763600557436E-002  -1.7208045941619864E-002  -1.7173055294098651E-002  -1.7389632152235872E-002  -1.7604863156540605E-002  -1.7384996687795810E-002  -1.6719995279582924E-002  -1.6389665698982626E-002  -1.6728624702236385E-002  -1.7071083976523519E-002  -1.7055778253386021E-002  -1.6768027876850541E-002  -1.6515118611909352E-002  -1.6466409690239096E-002  -1.6561280355544057E-002  -1.6628058377749260E-002  -1.6552692991244511E-002  -1.6355910809836571E-002  -1.6202523797069504E-002  -1.6220260593810040E-002  -1.6485311262537317E-002  -1.6700232421478643E-002  -1.6417865940436167E-002  -1.5726768179274486E-002  -1.5446268381344887E-002  -1.5842309499096440E-002  -1.6254970712555421E-002  -1.6323742489814219E-002  -1.6109750858147212E-002  -1.5889217780754600E-002  -1.5810351018347133E-002  -1.5814509046930814E-002  -1.5780083734742475E-002  -1.5666441077646868E-002  -1.5581844697490244E-002  -1.5623984094935870E-002  -1.5860715606892457E-002  -1.6011657541691423E-002  -1.5664842497122786E-002  -1.4931309947710730E-002  -1.4635318639732865E-002  -1.5051747111719846E-002  -1.5520822046633576E-002  -1.5653531420930736E-002  -1.5474830822970636E-002  -1.5241576335948824E-002  -1.5111626802017008E-002  -1.5055570403419901E-002  -1.4981614508248111E-002  -1.4864401388113801E-002  -1.4804818078170631E-002  -1.4875736936104588E-002  -1.5112656493603957E-002  -1.5222584724025096E-002  -1.4808406322894980E-002  -1.4028794964458283E-002  -1.3727085138676921E-002  -1.4162372006638552E-002  -1.4675339976905405E-002  -1.4864278870381331E-002  -1.4737915559416026E-002  -1.4554411610616850E-002  -1.4488583179552574E-002  -1.4522997828588883E-002  -1.4534591558877877E-002  -1.4446077749614910E-002  -1.4294254195163629E-002  -1.4228711174588666E-002  -1.4327170261505557E-002  -1.4606331873346680E-002  -1.4738026231633495E-002  -1.4294029400703576E-002  -1.3471763765527858E-002  -1.3190994802898977E-002  -1.3696620060369376E-002  -1.4250231575427274E-002  -1.4383485124439602E-002  -1.4054052386841903E-002  -1.3511832473393539E-002  -1.2976215819539295E-002  -1.2556456232036594E-002  -1.2301770657390418E-002  -1.2311715155921608E-002  -1.2582517691017868E-002  -1.3123440900419890E-002  -1.3466265132448538E-002  -1.2942725397044875E-002  -1.1596754010655609E-002  -1.0707256798452055E-002  -1.0735743824134407E-002  -1.0596698339774023E-002  -9.7538551324932565E-003  -8.5305844929109004E-003  -7.7986032232894142E-003  -8.3105826539614895E-003  -9.5910083559729263E-003  -1.0348020950412849E-002  -7.8650173191265813E-003  -3.5624991026416805E-003   2.7853574367327875E-003   2.0703877058382233E-003  -2.1316282072814485E-014
   3.9235966290261795E-005  0.15058683695038746       0.32645619848573126       0.44216729077280703       0.49801116640300880       0.51405194661323217       0.49131533835992747       0.42861509083920629       0.35539893661178462       0.27088361789298498       0.19088467283586180       0.12171098598794299        7.8592316531549453E-002   2.1743427585596095E-002   8.4479706024206999E-002  0.11115387149022192       0.12865015597456828       0.14145214945987536       0.14791078534885521       0.14277320384792883       0.12985947768482764       0.11190285011399961        9.1200321544564658E-002   7.1447299675626422E-002   4.9799854376941718E-002   3.0147013528172530E-002   1.5285738826950189E-002   1.9868486102880213E-003  -6.8196301811277813E-003  -9.5384522567268318E-003  -1.0760035151518750E-002  -9.0812934575333886E-003  -5.1595068151265916E-003   4.1612327082600031E-004   8.3717816573585253E-003   1.3748491319933534E-002   1.8055818324618982E-002   2.2722340246424170E-002   2.3876223452147845E-002   2.4076066194184946E-002   2.5403313612151909E-002   2.4022755842658772E-002   2.2034249461957669E-002   1.9844928909952222E-002   1.7973462831516324E-002   1.8198498357748654E-002   1.6591465733939121E-002   1.5056173433068771E-002   1.5463039853889140E-002   1.4446800922454938E-002   1.4174251601053322E-002   1.6145684079777078E-002   1.6189498336638759E-002   1.5989235574736322E-002   1.5798379074604046E-002   1.5607486375033831E-002   1.5740491821417617E-002   1.4918847244167905E-002   1.4888907470313724E-002   1.4649799580977053E-002   1.3544188804360837E-002   1.2466443841196551E-002   1.1939838580732848E-002   1.1734817322414775E-002   1.1437423512754093E-002   1.0891236438135070E-002   1.0259998286278944E-002   9.7653415897159031E-003   9.4971608438590600E-003   9.3162706877277825E-003   9.0290977430168562E-003   8.4077934212167475E-003   7.6698459915181712E-003   7.3114450455755474E-003   7.4553352511415195E-003   7.3115798344574210E-003   6.4997220793754015E-003   5.7453396307435472E-003   5.3919166864183155E-003   5.2934565039593146E-003   5.1189566343825708E-003   4.7382254041347764E-003   4.2703990845469721E-003   3.8922781349805141E-003   3.6786092550553889E-003   3.5132526232958508E-003   3.2468828505321343E-003   2.6949952092457075E-003   2.0767059367885008E-003   1.8370862365776138E-003   2.1057248195096709E-003   2.1135936816139038E-003   1.4383022468906074E-003   7.9183018250110536E-004   5.3889378097227972E-004   5.5535565796619563E-004   5.0996883909713679E-004   2.4289020561850809E-004  -1.6673840162972569E-004  -5.4182583161480199E-004  -7.6711601241013182E-004  -8.4817513329368463E-004  -9.3681017557549181E-004  -1.1702219996617526E-003  -1.6870195239277223E-003  -2.2284552639302898E-003  -2.3330116769170123E-003  -1.9388094840096959E-003  -1.8471383561351653E-003  -2.4425930351693408E-003  -3.0306020494629713E-003  -3.2498605343505124E-003  -3.2056278205014424E-003  -3.2066200675125878E-003  -3.3948363797122465E-003  -3.6774348545236799E-003  -3.8971129448261621E-003  -3.9898329228859209E-003  -4.0680332426773881E-003  -4.2609376174554134E-003  -4.6982261632896125E-003  -5.1253640990895815E-003  -5.1007552101304445E-003  -4.6198177134667544E-003  -4.4852109745553400E-003  -5.0402238062516374E-003  -5.6072472132048263E-003  -5.8183449357502998E-003  -5.7507859402100726E-003  -5.6947974727959835E-003  -5.7985465726761208E-003  -5.9921648482757859E-003  -6.1407245220651595E-003  -6.1911542877759298E-003  -6.2497267647778658E-003  -6.4263510140348083E-003  -6.8265244886269198E-003  -7.1910718184122827E-003  -7.0971800867358336E-003  -6.5568924451977623E-003  -6.3735072051782473E-003  -6.8963896325388773E-003  -7.4549889234677702E-003  -7.6648890634507900E-003  -7.5837259589537371E-003  -7.5028623031206934E-003  -7.5945746167182526E-003  -7.8150245240803523E-003  -8.0121449405796945E-003  -8.0844298232655102E-003  -8.0527723046607616E-003  -8.0697763729693402E-003  -8.2446761898937806E-003  -8.6396101216408075E-003  -8.9576395222179910E-003  -8.7675743659261056E-003  -8.1816416113796968E-003  -8.0401784370173045E-003  -8.6173621730144846E-003  -9.2391232074818096E-003  -9.5124414630345343E-003  -9.4653491269088130E-003  -9.3602501995840859E-003  -9.3587136256416247E-003  -9.4335275930551438E-003  -9.4930718590601360E-003  -9.5078306140867156E-003  -9.5730885735998035E-003  -9.7591641626371510E-003  -1.0110346537590629E-002  -1.0341954607751615E-002  -1.0058709779382127E-002  -9.3993315959559603E-003  -9.2133940235525277E-003  -9.7865805418053606E-003  -1.0444985107154249E-002  -1.0765079689375135E-002  -1.0736175144461221E-002  -1.0600167902531186E-002  -1.0529882963763020E-002  -1.0531243496261508E-002  -1.0546352983037459E-002  -1.0562255845754123E-002  -1.0664522859196311E-002  -1.0893976358896409E-002  -1.1257886419630617E-002  -1.1456073103463325E-002  -1.1107409758263730E-002  -1.0399489402599242E-002  -1.0203832458017649E-002  -1.0794045598630146E-002  -1.1499576843632972E-002  -1.1884446663293307E-002  -1.1917929575929413E-002  -1.1835665354199432E-002  -1.1819064453321646E-002  -1.1881852346081259E-002  -1.1939299939086823E-002  -1.1939713339173380E-002  -1.1920506919611509E-002  -1.2007962746589997E-002  -1.2246294840563315E-002  -1.2627209785123168E-002  -1.2819443387684176E-002  -1.2412405077855950E-002  -1.1630367994191164E-002  -1.1415880152710925E-002  -1.2021474790201103E-002  -1.2693017156640828E-002  -1.2931931415419432E-002  -1.2673750089123897E-002  -1.2175550566149095E-002  -1.1696064992282137E-002  -1.1395569236006046E-002  -1.1353685113188419E-002  -1.1655786522017963E-002  -1.2239213519534780E-002  -1.3033121674108654E-002  -1.3502444278658507E-002  -1.2951135344648514E-002  -1.1446018690276349E-002  -1.0335147269193750E-002  -1.0176206650592578E-002  -9.9704723608298896E-003  -9.2268929498627063E-003  -8.2463614400786131E-003  -7.8002433820810518E-003  -8.4877037834818654E-003  -9.7006498046784493E-003  -1.0133955190423340E-002  -7.2341977583221884E-003  -2.6949954361841760E-003   3.5038932528042798E-003   2.3338941104921228E-003   7.1374017807137914E-012
   3.9231833695585824E-005  0.15018619704483413       0.32963569496240019       0.45370652176947851       0.52229895173992580       0.55154860406744466       0.53890414926373575       0.49921336889158591       0.43791289929303856       0.36898261208582744       0.30260360169300410       0.23845106181645226       0.17665540974487709        8.3749404228166166E-002   2.6017672909936652E-002   1.5546578490572532E-002   4.8253328811726670E-002   7.1203569898434876E-002   9.3024922681739161E-002   9.9826997466309145E-002   9.7921496264103638E-002   8.9171067869359966E-002   7.4969700916147214E-002   5.8817529531166944E-002   3.8005168077116153E-002   1.6841004505755364E-002  -1.3541235481604708E-003  -1.9235474321258293E-002  -3.3299988469273491E-002  -4.1398623891841374E-002  -4.7615322509430819E-002  -5.0137585229088365E-002  -4.9346091114952140E-002  -4.5703836215461056E-002  -3.8501166030615576E-002  -3.2841409886208518E-002  -2.7460789652522001E-002  -2.1224037860257939E-002  -1.8292255638591690E-002  -1.6360650139079794E-002  -1.3530812264955160E-002  -1.3739733315557390E-002  -1.4932741496164611E-002  -1.6707903815192753E-002  -1.8524682893928161E-002  -1.8553213872088994E-002  -2.0643059796044787E-002  -2.2795670732270502E-002  -2.3031323436888837E-002  -2.4611616875463573E-002  -2.5308599958523467E-002  -2.3606462923105895E-002  -2.3689490666869990E-002  -2.3899526909794227E-002  -2.4000594428136460E-002  -2.4014047206273252E-002  -2.3634568089065940E-002  -2.4180264945064832E-002  -2.3957612120821637E-002  -2.4007179310483764E-002  -2.4996043518058637E-002  -2.6010730944800123E-002  -2.6494433638371489E-002  -2.6648335174075003E-002  -2.6875501635937812E-002  -2.7336472863936156E-002  -2.7874791614679168E-002  -2.8270144177848466E-002  -2.8426999030209572E-002  -2.8475055547988161E-002  -2.8597453583398640E-002  -2.9014269328953360E-002  -2.9508766200370684E-002  -2.9596929479603695E-002  -2.9176146390860171E-002  -2.9056917554033501E-002  -2.9631473106528975E-002  -3.0167878866516361E-002  -3.0300634770233686E-002  -3.0153376212660718E-002  -3.0049492743068378E-002  -3.0129005572139916E-002  -3.0290909265209963E-002  -3.0373396391059286E-002  -3.0306846558417873E-002  -3.0201166237573959E-002  -3.0190924930641370E-002  -3.0444543542287240E-002  -3.0735069555359856E-002  -3.0622522888447804E-002  -2.9992742910861108E-002  -2.9634025501849449E-002  -2.9982798409825640E-002  -3.0324818847558437E-002  -3.0277565716899955E-002  -2.9945789187569800E-002  -2.9653777146728462E-002  -2.9568822530443274E-002  -2.9624903907215894E-002  -2.9654898187934986E-002  -2.9547923382135268E-002  -2.9309327015895146E-002  -2.9085584082066417E-002  -2.9002805336201726E-002  -2.9186857503940265E-002  -2.9373588515869933E-002  -2.9108790581500125E-002  -2.8348292449481081E-002  -2.7914124525465687E-002  -2.8204068451473444E-002  -2.8516902589135095E-002  -2.8465968806899396E-002  -2.8128860717966119E-002  -2.7802813692103114E-002  -2.7640780233720560E-002  -2.7574433939691122E-002  -2.7468784106203025E-002  -2.7267338389153684E-002  -2.7071597037804547E-002  -2.6987790841140901E-002  -2.7124205363327259E-002  -2.7220315927894301E-002  -2.6847734901085538E-002  -2.6027142383793028E-002  -2.5586839649091208E-002  -2.5883789596881538E-002  -2.6230382051179318E-002  -2.6227934618239364E-002  -2.5920642554958809E-002  -2.5583933713852352E-002  -2.5377202166528372E-002  -2.5258648698283089E-002  -2.5120050940443291E-002  -2.4918166805588313E-002  -2.4747343771095675E-002  -2.4691562428556271E-002  -2.4832304347253541E-002  -2.4903447115493842E-002  -2.4496044548273446E-002  -2.3649214876366779E-002  -2.3194458564647729E-002  -2.3497845332763851E-002  -2.3881506848848499E-002  -2.3931294596359700E-002  -2.3669631103604143E-002  -2.3367293493749643E-002  -2.3199800218709380E-002  -2.3144723339407893E-002  -2.3075792205839538E-002  -2.2908684009346029E-002  -2.2665536777226360E-002  -2.2484157854996547E-002  -2.2450816630060329E-002  -2.2610031323419478E-002  -2.2664823058881952E-002  -2.2202543491638718E-002  -2.1362978101426764E-002  -2.1010543010295382E-002  -2.1428052298146070E-002  -2.1923965563945703E-002  -2.2066754596000156E-002  -2.1845965429629577E-002  -2.1508919567818842E-002  -2.1234754152060942E-002  -2.1035517099294323E-002  -2.0857082879992734E-002  -2.0684536776827765E-002  -2.0598259420025074E-002  -2.0635405355411546E-002  -2.0810376698126541E-002  -2.0830309205048754E-002  -2.0316057433155257E-002  -1.9435661603616355E-002  -1.9066189530477267E-002  -1.9505157269981973E-002  -2.0063099652997813E-002  -2.0278549761074675E-002  -2.0102330045789867E-002  -1.9762082131429493E-002  -1.9450919398337846E-002  -1.9218129618557567E-002  -1.9046543326794403E-002  -1.8937659112378623E-002  -1.8957859980932915E-002  -1.9107993592236038E-002  -1.9358751876581343E-002  -1.9397101752033769E-002  -1.8855858643183874E-002  -1.7952053196507015E-002  -1.7586968080543584E-002  -1.8049766389492166E-002  -1.8657803004045605E-002  -1.8938377938090820E-002  -1.8819742540361683E-002  -1.8517389984993495E-002  -1.8227050810939577E-002  -1.8005137050140230E-002  -1.7816639021432937E-002  -1.7642287959699066E-002  -1.7519683178821240E-002  -1.7544371141338281E-002  -1.7715715156647015E-002  -1.7989519280239723E-002  -1.8024430791605976E-002  -1.7425617884483217E-002  -1.6446614137915504E-002  -1.6057885188782775E-002  -1.6525355610930468E-002  -1.7083222464571789E-002  -1.7204086625046810E-002  -1.6801058627430445E-002  -1.6137889969373629E-002  -1.5512094631065714E-002  -1.5132644442988336E-002  -1.5103274841184613E-002  -1.5484597546415013E-002  -1.6143204018573297E-002  -1.6920569516087305E-002  -1.7216840149766700E-002  -1.6322039220468758E-002  -1.4349043180481701E-002  -1.2741033312398554E-002  -1.2171337515723591E-002  -1.1731870958943694E-002  -1.0960557281156223E-002  -1.0102116858816542E-002  -9.7862194185791788E-003  -1.0424982169018673E-002  -1.1269183049164135E-002  -1.1028362164940023E-002  -7.3727246683213442E-003  -2.3366378018522056E-003   3.8602018266737995E-003   2.3066862964703063E-003  -5.0857096312066019E-011
   3.9228290374837434E-005  0.14734261619860314       0.32733184448171637       0.45500570972963600       0.53671953523762650       0.57527689251217351       0.57744214266013250       0.55496562406505900       0.50872817592037656       0.45361252874581637       0.39251691325669902       0.33354147962368746       0.26481441059354954       0.18035484301214921       0.10807626851012528        6.9834753992576659E-002   2.2218962648293379E-002   8.1540701936998902E-002  0.10637907373076680       0.12323592696679066       0.13534420856087270       0.13955876201544198       0.13650359749323879       0.12835530990231225       0.11239239783894762        9.3004937463468745E-002   7.3796028422294047E-002   5.2561537863438652E-002   3.3338857124007582E-002   1.8908244808880446E-002   5.8691574701839151E-003  -3.3192673287996306E-003  -8.4951682450160639E-003  -9.7313139126333562E-003  -6.0983268110888448E-003  -2.6568487987568856E-003   1.7358498912616032E-003   7.9816560608770484E-003   1.1630392813073605E-002   1.4684576251554506E-002   1.8777528967840882E-002   1.9769878694130504E-002   1.9564289009632557E-002   1.8455858731810805E-002   1.6920658584847380E-002   1.6777152275353355E-002   1.4219026763112401E-002   1.1328769180327346E-002   1.0206407748868515E-002   7.7203453977576558E-003   6.1929325584145342E-003   7.1908736380965829E-003   6.5518436203520890E-003   5.9394719911805153E-003   5.5963287679770511E-003   5.5027528091252135E-003   5.9458401751886335E-003   5.5546749190393905E-003   5.9478619204090645E-003   6.0217215644260578E-003   5.0810633042650179E-003   4.0475558758991514E-003   3.5068591568249720E-003   3.2843450100650453E-003   2.9858234476653821E-003   2.4437418951827592E-003   1.8051874465860197E-003   1.2900848011166788E-003   1.0044768915365566E-003   8.3604819966910573E-004   6.2062379734643036E-004   1.5200803436897972E-004  -3.5262792056793861E-004  -4.2560670579423434E-004   7.9953019113906823E-006   1.0933026970616940E-004  -5.3047610776555309E-004  -1.1729330585603498E-003  -1.4258923370757792E-003  -1.3848559225800728E-003  -1.3623193935782551E-003  -1.5087886638060957E-003  -1.7446560151095766E-003  -1.9262571006288720E-003  -1.9898260393068855E-003  -2.0365933488230678E-003  -2.1818477688888512E-003  -2.5737263802526654E-003  -2.9760125383687342E-003  -2.9560010371862053E-003  -2.4196276408889866E-003  -2.1794207440738772E-003  -2.6885893036176813E-003  -3.2289468177038390E-003  -3.3943190780258603E-003  -3.2630269921556636E-003  -3.1477422193999923E-003  -3.2226518372713182E-003  -3.4375439659577560E-003  -3.6389301505852299E-003  -3.7228231798438890E-003  -3.6945685461463769E-003  -3.6932105618933137E-003  -3.8305237408747354E-003  -4.2172575987052836E-003  -4.5841883006861716E-003  -4.4876442925049775E-003  -3.9056802963080544E-003  -3.6846155601396578E-003  -4.2358867067759844E-003  -4.8475598104682251E-003  -5.1000790101580805E-003  -5.0359090712067209E-003  -4.9372328583056216E-003  -4.9697732340849227E-003  -5.0952956420602276E-003  -5.2069843550732941E-003  -5.2588835695803722E-003  -5.3404821961652704E-003  -5.5311383875602726E-003  -5.9139071005675971E-003  -6.2211468635206164E-003  -6.0399075036284043E-003  -5.4202343043971511E-003  -5.2197465139244273E-003  -5.8101173581096011E-003  -6.4905508234925965E-003  -6.8250391751239212E-003  -6.8180679128083347E-003  -6.7272828496542474E-003  -6.7255240298642674E-003  -6.8049143520698260E-003  -6.8898957375568264E-003  -6.9498422730688630E-003  -7.0655830205708830E-003  -7.2906073020514162E-003  -7.6779176031286939E-003  -7.9529021913014898E-003  -7.7225976636556759E-003  -7.0575457753280189E-003  -6.8217192866315774E-003  -7.3997286902194861E-003  -8.1039486321268228E-003  -8.4842989488931840E-003  -8.5212244730371849E-003  -8.4615110737263233E-003  -8.4859801084768254E-003  -8.6002163846438523E-003  -8.7116816346811694E-003  -8.7588607051676225E-003  -8.7661029410874402E-003  -8.8526349524648811E-003  -9.0753636433121548E-003  -9.4554339819051259E-003  -9.6933040590410375E-003  -9.3959475831601625E-003  -8.7338134985968791E-003  -8.5985244758720377E-003  -9.2829139917926361E-003  -1.0076346085311914E-002  -1.0504934697632721E-002  -1.0516613355845720E-002  -1.0344401182586994E-002  -1.0190752608061435E-002  -1.0115658248713310E-002  -1.0110062728394565E-002  -1.0176400493169674E-002  -1.0376723303936380E-002  -1.0707072105039602E-002  -1.1142998291587474E-002  -1.1376749467452402E-002  -1.1042148057783120E-002  -1.0336320587869020E-002  -1.0165329610089157E-002  -1.0840351425667374E-002  -1.1657016955073412E-002  -1.2115397709810204E-002  -1.2128057964749264E-002  -1.1911717781016079E-002  -1.1686878659246315E-002  -1.1555042738316968E-002  -1.1546595495528771E-002  -1.1678946253697118E-002  -1.1994411558629946E-002  -1.2444601089976819E-002  -1.2953625778729905E-002  -1.3188080410311723E-002  -1.2790877603571036E-002  -1.2007735407247597E-002  -1.1771038982366052E-002  -1.2387707449674075E-002  -1.3164619793993571E-002  -1.3593338095511345E-002  -1.3563316533453267E-002  -1.3275791161918214E-002  -1.2951245437579887E-002  -1.2701900765907985E-002  -1.2554247102906356E-002  -1.2527553385232870E-002  -1.2657521635143503E-002  -1.2999179771539663E-002  -1.3492873791084331E-002  -1.4044543529200589E-002  -1.4292774723979688E-002  -1.3854043055784490E-002  -1.3011738613962848E-002  -1.2768525384938610E-002  -1.3409465351813719E-002  -1.4161394367692487E-002  -1.4469262731572443E-002  -1.4222143048157098E-002  -1.3687454638771024E-002  -1.3197980494270727E-002  -1.3007081409665567E-002  -1.3236962245747427E-002  -1.3917384849447328E-002  -1.4840885782069395E-002  -1.5765278447697786E-002  -1.6040543892939556E-002  -1.4967409970863082E-002  -1.2734229176165403E-002  -1.0904847149510136E-002  -1.0279661430802165E-002  -1.0030220704849185E-002  -9.6885265743363799E-003  -9.3917656767009156E-003  -9.5751643499219843E-003  -1.0428837591546893E-002  -1.1062805036011045E-002  -1.0244865156266814E-002  -5.9455333530841342E-003  -6.1823698167372764E-004   5.2416768103152392E-003   2.8732035988458804E-003   2.7213786779638224E-012
   3.9224233049019646E-005  0.14204346560668288       0.32016483678905783       0.45082408120908224       0.53932705078965804       0.58794557418259630       0.60461137298534184       0.59445260494048235       0.56344476293187828       0.52112989026314394       0.47016063551362719       0.41264041057102435       0.34694149211389247       0.28225401620886104       0.21762137810711268       0.15923110281448513        7.6428014247141199E-002   2.3741528699274195E-002   1.5099721661979718E-002   4.7315882226024633E-002   7.0725244460964801E-002   9.2157182712040084E-002  0.10303761126272125       0.10698597262414906       0.10054317826728694        8.7572769438115330E-002   7.1772871349345069E-002   5.0980141944887952E-002   2.9481893795472121E-002   1.0581556697269628E-002  -8.4248884172283597E-003  -2.4323179809040606E-002  -3.6231803475806387E-002  -4.3610185557711477E-002  -4.5069467512624820E-002  -4.5398809076137608E-002  -4.3382657105263102E-002  -3.8208279763057129E-002  -3.4526693763607945E-002  -3.0605049939851730E-002  -2.5091870628317640E-002  -2.2384331721250431E-002  -2.0814816487197678E-002  -2.0293785469280432E-002  -2.0509665289616442E-002  -1.9744598747232670E-002  -2.1831261932060215E-002  -2.4650364537005288E-002  -2.6005443139661862E-002  -2.8900302623885710E-002  -3.0903974019749970E-002  -3.0371768804196651E-002  -3.1406473439588037E-002  -3.2296276505053463E-002  -3.2750940204642129E-002  -3.2755391728395727E-002  -3.2022251176366194E-002  -3.1972825066639003E-002  -3.1073916276071319E-002  -3.0508061111918301E-002  -3.1012743611934609E-002  -3.1667792297759408E-002  -3.1864490005405512E-002  -3.1755602949765975E-002  -3.1732620707740931E-002  -3.1977834557733675E-002  -3.2360220243118271E-002  -3.2662604359682691E-002  -3.2764670535621952E-002  -3.2752200656606001E-002  -3.2758868722596382E-002  -3.2967226172210894E-002  -3.3155181719818808E-002  -3.2873250501392053E-002  -3.2080444615229041E-002  -3.1651133498182334E-002  -3.2015331876790530E-002  -3.2427548501932045E-002  -3.2464096413428428E-002  -3.2186390945343042E-002  -3.1892869138161369E-002  -3.1745794896113753E-002  -3.1691302755274375E-002  -3.1608221128469234E-002  -3.1440264064457414E-002  -3.1277937821578700E-002  -3.1212762376877257E-002  -3.1368440928899281E-002  -3.1498396357146546E-002  -3.1180100184479032E-002  -3.0345101671877196E-002  -2.9835795708485820E-002  -3.0125035032323354E-002  -3.0488659972570241E-002  -3.0490233661844873E-002  -3.0173736185760691E-002  -2.9835058084669103E-002  -2.9655030060330646E-002  -2.9603171516051883E-002  -2.9545081186649232E-002  -2.9387857775728939E-002  -2.9138069061357418E-002  -2.8925477645834249E-002  -2.8844087670229390E-002  -2.8987003031875510E-002  -2.9080383002109474E-002  -2.8694748659609807E-002  -2.7835374582934544E-002  -2.7376741812459648E-002  -2.7744441485100899E-002  -2.8211786013073243E-002  -2.8318924106731702E-002  -2.8066153474289177E-002  -2.7717861036356168E-002  -2.7455642879810484E-002  -2.7278535100874267E-002  -2.7115319024198184E-002  -2.6934654118421473E-002  -2.6813300225434426E-002  -2.6799498616165606E-002  -2.6946400017837251E-002  -2.6977081642859439E-002  -2.6495337085808840E-002  -2.5584025205916690E-002  -2.5133520749780366E-002  -2.5531455712476399E-002  -2.6061521464029937E-002  -2.6245196238171360E-002  -2.6042342013341730E-002  -2.5691689627191823E-002  -2.5383570763593332E-002  -2.5151519740029726E-002  -2.4959812645765016E-002  -2.4793766845555173E-002  -2.4718845582342733E-002  -2.4752494827907541E-002  -2.4913280270235989E-002  -2.4914818893865650E-002  -2.4380601475800956E-002  -2.3415624931369033E-002  -2.2919851597250074E-002  -2.3298184562670868E-002  -2.3851592218812702E-002  -2.4089423321577381E-002  -2.3945499534377794E-002  -2.3641661580598113E-002  -2.3368665750241321E-002  -2.3169096378340914E-002  -2.2993821967338630E-002  -2.2810357046113543E-002  -2.2645398012338346E-002  -2.2593649160785410E-002  -2.2673219184498380E-002  -2.2872821081684088E-002  -2.2884796962944421E-002  -2.2334556677481243E-002  -2.1425115816532780E-002  -2.1078490667011139E-002  -2.1600222120355728E-002  -2.2261385569166042E-002  -2.2544903642383114E-002  -2.2356873417075086E-002  -2.1918963981317395E-002  -2.1463812100104309E-002  -2.1108070626122893E-002  -2.0894455378806517E-002  -2.0843938850031926E-002  -2.0994779132797292E-002  -2.1291582682993332E-002  -2.1659531421229204E-002  -2.1766728193321642E-002  -2.1254629130082133E-002  -2.0347865898870460E-002  -1.9982905074940934E-002  -2.0487744815537584E-002  -2.1146429740471422E-002  -2.1423399245135637E-002  -2.1196361941566252E-002  -2.0676698500217815E-002  -2.0120414878328233E-002  -1.9690035412946425E-002  -1.9469704286893149E-002  -1.9493490799546362E-002  -1.9774272697857569E-002  -2.0204884336427646E-002  -2.0652618035254148E-002  -2.0755792140194764E-002  -2.0163097935034967E-002  -1.9147895368156784E-002  -1.8675288614313935E-002  -1.9073246766346662E-002  -1.9641711134989102E-002  -1.9839731275293437E-002  -1.9522002357625610E-002  -1.8882098277118980E-002  -1.8174976778387184E-002  -1.7579784138573668E-002  -1.7193418534387907E-002  -1.7076611226526085E-002  -1.7258069474738704E-002  -1.7739991138947794E-002  -1.8387582070310288E-002  -1.9041487950013935E-002  -1.9309128867725834E-002  -1.8813019260628783E-002  -1.7866542631847879E-002  -1.7508787241073496E-002  -1.8049894679019091E-002  -1.8713753384605989E-002  -1.8918242383499605E-002  -1.8525044460736908E-002  -1.7799550194826336E-002  -1.7103741757057183E-002  -1.6730413587904482E-002  -1.6817652657228181E-002  -1.7366032991226684E-002  -1.8102732107264399E-002  -1.8720221564349725E-002  -1.8546470792392838E-002  -1.6926977281923491E-002  -1.4157429615454541E-002  -1.1941673271243507E-002  -1.1203852312326854E-002  -1.1163146589416669E-002  -1.1287644605328511E-002  -1.1535982099813063E-002  -1.2085404273775800E-002  -1.2870394449875309E-002  -1.2873268801339112E-002  -1.0982775555627711E-002  -5.5646073935793862E-003   4.1940081755198759E-004   6.1597661534097074E-003   3.0982983508080590E-003   5.3695714541427413E-011
   3.9219779817543742E-005  0.13658131697454418       0.31091735527562686       0.44339221724573424       0.53669330045528929       0.59476278682293215       0.62242221365723072       0.62383553587204033       0.60646694897178699       0.57370813541677945       0.53024522319509093       0.47925646030462732       0.42230509611529626       0.36183617513704758       0.30474046688326317       0.24134938468963588       0.16440506160295368        9.9458045803031081E-002   6.5781361572636629E-002   2.2406549771993595E-002   8.1127873752156313E-002  0.10913488335802543       0.13252941175880592       0.15075909324561690       0.15556155322124063       0.15261957262937223       0.14471505580965191       0.12880082689623096       0.10901853327260608        8.8874286341910594E-002   6.6197276775640954E-002   4.4870000584164474E-002   2.6517092945817763E-002   1.2412219656534404E-002   4.5899187130918609E-003  -1.2433714262778158E-003  -3.5686443154153650E-003  -1.4486946218305243E-003   4.4144347417405481E-004   3.6917972113295434E-003   9.4449285881022787E-003   1.3066147516978897E-002   1.5961165351732320E-002   1.7950361673057625E-002   1.9094038605835174E-002   2.0914823465467042E-002   1.9462693318876283E-002   1.6813641623587061E-002   1.5198381678483121E-002   1.1700272754981459E-002   8.8397994627485363E-003   8.3437132664932866E-003   6.1948154013949756E-003   4.1948826496621154E-003   2.7314401826639403E-003   1.9012486084926722E-003   2.0276648577633185E-003   1.6584421788246001E-003   2.2465957414853637E-003   2.5280477031880346E-003   1.7184356553435923E-003   7.3284158544262832E-004   1.9992369897425737E-004  -1.6615996663917493E-005  -3.1554836158962149E-004  -9.0780552833182764E-004  -1.6923577225574414E-003  -2.4638027554695855E-003  -3.0884058253116339E-003  -3.6181230468829875E-003  -4.1439272955288275E-003  -4.8126630497540021E-003  -5.3899546846560885E-003  -5.4435795807556923E-003  -4.9704447627516857E-003  -4.8859303112875289E-003  -5.6446685236994547E-003  -6.4930663293688868E-003  -6.9706774318953127E-003  -7.0989395299259237E-003  -7.1596883371226354E-003  -7.3294704368740936E-003  -7.5862134377499635E-003  -7.8373200422258531E-003  -8.0368956981995698E-003  -8.2632869575983651E-003  -8.5798333907424439E-003  -9.0815274434729535E-003  -9.5103051945555437E-003  -9.4567879542478937E-003  -8.8837744845474079E-003  -8.6691937320829485E-003  -9.3083512462115315E-003  -1.0068692579139619E-002  -1.0476305208413531E-002  -1.0532365369848685E-002  -1.0510735485150118E-002  -1.0599349938704112E-002  -1.0792863909344906E-002  -1.0983194858692704E-002  -1.1094062225047897E-002  -1.1134825594383313E-002  -1.1223393164792417E-002  -1.1431183303031788E-002  -1.1829638829513170E-002  -1.2139558897694988E-002  -1.1948448735149565E-002  -1.1293274515917074E-002  -1.1080372059723845E-002  -1.1750250970994214E-002  -1.2557961503156967E-002  -1.2996787433901962E-002  -1.3018889924123863E-002  -1.2869387219394696E-002  -1.2750223893464469E-002  -1.2706146077969549E-002  -1.2709769348546021E-002  -1.2748484303852083E-002  -1.2884708390491887E-002  -1.3129598441436512E-002  -1.3499462441895281E-002  -1.3703489191549276E-002  -1.3361206148846640E-002  -1.2589965363613266E-002  -1.2315497979702557E-002  -1.2943015829099703E-002  -1.3739750335844025E-002  -1.4181617484640868E-002  -1.4181406167652772E-002  -1.3960185209791864E-002  -1.3731814331470003E-002  -1.3580098281652653E-002  -1.3516888253828931E-002  -1.3546424234732889E-002  -1.3715680673403072E-002  -1.3998432090002986E-002  -1.4370191736470916E-002  -1.4526573386613426E-002  -1.4105048293145512E-002  -1.3245635249521671E-002  -1.2886301490637719E-002  -1.3453833595451981E-002  -1.4237221112396312E-002  -1.4702706034181414E-002  -1.4735544658089159E-002  -1.4534550913789855E-002  -1.4307700074464524E-002  -1.4145626620688606E-002  -1.4053367383852730E-002  -1.4033461920418476E-002  -1.4113437011128315E-002  -1.4354682213295731E-002  -1.4723525435262005E-002  -1.5163524997623558E-002  -1.5350099675490069E-002  -1.4923458840906879E-002  -1.4119867669301843E-002  -1.3895243364991367E-002  -1.4572422077773636E-002  -1.5407969882002501E-002  -1.5844115064225464E-002  -1.5747712002617622E-002  -1.5333682265198349E-002  -1.4871962690663484E-002  -1.4543676122663281E-002  -1.4448457700686210E-002  -1.4625375575298121E-002  -1.5082112694125571E-002  -1.5700650201081079E-002  -1.6343771372712354E-002  -1.6645906580963599E-002  -1.6250765294060152E-002  -1.5409354107269008E-002  -1.5091241867405876E-002  -1.5646679762739334E-002  -1.6354296256379092E-002  -1.6648484661612731E-002  -1.6377324243557291E-002  -1.5752776276312521E-002  -1.5073332921291321E-002  -1.4569355810755477E-002  -1.4383046313418349E-002  -1.4564929666148826E-002  -1.5093500583599297E-002  -1.5794950441417099E-002  -1.6471840982966605E-002  -1.6728607308722696E-002  -1.6217183148093652E-002  -1.5238750326380082E-002  -1.4793634560811659E-002  -1.5234869752931805E-002  -1.5859307815563179E-002  -1.6096107052189224E-002  -1.5767092350492212E-002  -1.5060715075190930E-002  -1.4270352543859971E-002  -1.3646472566786224E-002  -1.3358781176245386E-002  -1.3507273634277039E-002  -1.4105694951310815E-002  -1.5090819357480786E-002  -1.6238645989035128E-002  -1.7312784890193333E-002  -1.7882852121771223E-002  -1.7576634879026692E-002  -1.6741801899997858E-002  -1.6461723695335492E-002  -1.7080475821911027E-002  -1.7825147656161701E-002  -1.8087240819647060E-002  -1.7696004902305270E-002  -1.6906132370121434E-002  -1.6099893651390359E-002  -1.5603865049199970E-002  -1.5572723071773261E-002  -1.5987561633255664E-002  -1.6530763623671445E-002  -1.6860871924238956E-002  -1.6322770758767941E-002  -1.4345725030424776E-002  -1.1361358292205454E-002  -9.2208240843901033E-003  -8.9494279965242288E-003  -9.7587508817240654E-003  -1.0972685011738148E-002  -1.2284508147807210E-002  -1.3545327550981425E-002  -1.4408673034463783E-002  -1.3760884280156949E-002  -1.0696775214553624E-002  -4.0902259760559828E-003   2.4910041577105055E-003   7.8880059238111526E-003   3.7902307597847164E-003  -1.7159607068613579E-012
   3.9215635064294415E-005  0.13081454622026226       0.29992276315834471       0.43218264366847020       0.52911487627777021       0.59412238407151396       0.63067058483498517       0.64299205892795552       0.63610276597416393       0.61374144051567059       0.57987516455535348       0.53691808241696404       0.48907430681265018       0.43565851084525542       0.37934933103896473       0.31819985934260608       0.25932823728670962       0.20145454018961306       0.14874811072137523        7.4526017801346864E-002   2.3967875762652434E-002   2.4708258398968685E-002   7.7023408254109027E-002   9.9014384229325070E-002  0.11397282364567242       0.12489981490627065       0.12949409975962012       0.12401963668778752       0.11156833139256438        9.5697669947957267E-002   7.4326580637699521E-002   5.1679016557766737E-002   2.9967389311403098E-002   1.1162884395795051E-002  -1.9829020201498639E-003  -1.3111407205673975E-002  -2.0186959011475925E-002  -2.1907878228171907E-002  -2.2735981687054305E-002  -2.1016604166946871E-002  -1.5653870066899184E-002  -1.1410558222408553E-002  -7.0904836104754574E-003  -3.1425982412925028E-003   1.9958576647771136E-004   4.1906633613356323E-003   4.6737119631197720E-003   3.5833510001555260E-003   3.0890544757546778E-003   2.7971127272078018E-004  -2.2967923265249414E-003  -2.8664250880780029E-003  -5.3635526942158382E-003  -7.8732183234248784E-003  -9.8691898389990252E-003  -1.1124979057114952E-002  -1.1238385213258009E-002  -1.1660807554772017E-002  -1.1000326398644292E-002  -1.0590726794337757E-002  -1.1254583782108930E-002  -1.2075023644800131E-002  -1.2399710902362908E-002  -1.2351236491945802E-002  -1.2347412615030832E-002  -1.2647445491462699E-002  -1.3202662509205857E-002  -1.3837656857686271E-002  -1.4414103315035464E-002  -1.4948181841542257E-002  -1.5478288282449515E-002  -1.6103256243845458E-002  -1.6567144140228751E-002  -1.6451396963561574E-002  -1.5791973708284904E-002  -1.5548192922749834E-002  -1.6200728642938457E-002  -1.6985626631382329E-002  -1.7400062323749382E-002  -1.7419898221495984E-002  -1.7308735100779730E-002  -1.7261412511004302E-002  -1.7295562747898778E-002  -1.7355045483807927E-002  -1.7408514017198385E-002  -1.7521123288187949E-002  -1.7723264840860654E-002  -1.8076130129916556E-002  -1.8308107812335207E-002  -1.8025138433178871E-002  -1.7226270798171541E-002  -1.6830142406694001E-002  -1.7356972197468793E-002  -1.8063446067016767E-002  -1.8431302505679748E-002  -1.8411106119958550E-002  -1.8250514682329404E-002  -1.8146649704127896E-002  -1.8126772298339915E-002  -1.8118345980620124E-002  -1.8068429411612057E-002  -1.7990561599084128E-002  -1.7986637345496485E-002  -1.8098164405445885E-002  -1.8368145395824025E-002  -1.8508829737999832E-002  -1.8125745572271628E-002  -1.7291084935248707E-002  -1.6946655535423637E-002  -1.7549459773176731E-002  -1.8334553326745533E-002  -1.8744106492923459E-002  -1.8678610542806274E-002  -1.8364594175738418E-002  -1.8030471505768409E-002  -1.7776134742640590E-002  -1.7626458850234193E-002  -1.7590910752325432E-002  -1.7714189959090253E-002  -1.7961812840754404E-002  -1.8303194819429283E-002  -1.8425794581767404E-002  -1.7960992267812160E-002  -1.7060253204294957E-002  -1.6686428232344404E-002  -1.7264566669963632E-002  -1.8046638081162397E-002  -1.8462995750697552E-002  -1.8380114630431741E-002  -1.8005337523995378E-002  -1.7583873735494950E-002  -1.7259453533127897E-002  -1.7099105464056831E-002  -1.7127993196873120E-002  -1.7369764413026009E-002  -1.7744566066089172E-002  -1.8173434701038303E-002  -1.8324658324103359E-002  -1.7844195473626270E-002  -1.6905146932093232E-002  -1.6484009323342937E-002  -1.7030950062535365E-002  -1.7823859384184831E-002  -1.8285860798975793E-002  -1.8254626590691960E-002  -1.7910519704928480E-002  -1.7487997415333443E-002  -1.7137908725003901E-002  -1.6930392800743342E-002  -1.6908228014133310E-002  -1.7096630736462021E-002  -1.7512697125798594E-002  -1.8055633570914605E-002  -1.8608951594393942E-002  -1.8820641932190917E-002  -1.8341129455900145E-002  -1.7440643603015577E-002  -1.7113689052063646E-002  -1.7707258055408986E-002  -1.8470174654439390E-002  -1.8809269228733695E-002  -1.8556416635327696E-002  -1.7924336383663149E-002  -1.7225692255746692E-002  -1.6711300174356947E-002  -1.6540447092243737E-002  -1.6768565120437225E-002  -1.7366330273496693E-002  -1.8143839194695293E-002  -1.8892438812187315E-002  -1.9206723108619005E-002  -1.8730502748898214E-002  -1.7742874610741050E-002  -1.7251646222929729E-002  -1.7636737484982866E-002  -1.8178809885251057E-002  -1.8287695323870073E-002  -1.7784940503678400E-002  -1.6884647669541543E-002  -1.5928781473872815E-002  -1.5216043326561809E-002  -1.4945970135351318E-002  -1.5182921819309334E-002  -1.5866787106932973E-002  -1.6752711644164340E-002  -1.7575706868184757E-002  -1.7906078325381047E-002  -1.7401005487201689E-002  -1.6392767500749771E-002  -1.5920880504470766E-002  -1.6367259339997532E-002  -1.7027506645227689E-002  -1.7299233606402693E-002  -1.6966340450460846E-002  -1.6205153794332506E-002  -1.5340147126094435E-002  -1.4686150030032631E-002  -1.4478656218014516E-002  -1.4849097321903407E-002  -1.5787624246675448E-002  -1.7157485147807242E-002  -1.8640241053550128E-002  -1.9922370872129200E-002  -2.0541722126365364E-002  -2.0142765637528870E-002  -1.9122359381379232E-002  -1.8624446391422168E-002  -1.9041765759520345E-002  -1.9613784258454160E-002  -1.9706160041518782E-002  -1.9107306856740638E-002  -1.8046716403648858E-002  -1.6911382321691992E-002  -1.6050753609643219E-002  -1.5634883138770338E-002  -1.5637228707529170E-002  -1.5721095576465040E-002  -1.5548070914614298E-002  -1.4521551128545279E-002  -1.2190596476744761E-002  -9.1414827702927109E-003  -7.3639693802718441E-003  -7.9425283746569365E-003  -1.0007290136144915E-002  -1.2644477220141432E-002  -1.5191656712146314E-002  -1.7114104677453560E-002  -1.7778634566016069E-002  -1.6033035900602871E-002  -1.1287134725810515E-002  -3.0497762973210559E-003   4.4085698342861794E-003   9.5565212989428099E-003   4.4044850555504363E-003  -5.3429261015518034E-011
   3.9209888681938724E-005  0.12514079886793952       0.28876041710668326       0.41963561522772658       0.51904316680387519       0.58912941407225750       0.63287659167768917       0.65416450218790301       0.65613376678891611       0.64260797402368464       0.61711640517113120       0.58222052679759817       0.54046316017635987       0.49309589138295895       0.44230677444795169       0.38848966489309428       0.33329768410713156       0.28249112468409726       0.22610181517896777       0.15730918976001648        9.6269116179048361E-002   5.8197843144221058E-002   2.2852640716298243E-002   1.2509793783730466E-002   4.1996465478127284E-002   6.4218763566126311E-002   8.4703139233846786E-002   9.1778640734830857E-002   9.0689728964656741E-002   8.4023020596362324E-002   6.8859882630002187E-002   4.9362748659227788E-002   2.7981060229817063E-002   7.1890505685540881E-003  -9.6520558711521848E-003  -2.5509182380366553E-002  -3.7695146153630961E-002  -4.4336039565801205E-002  -4.9437205246318817E-002  -5.1031821803777022E-002  -4.7843799241289300E-002  -4.4576301065435787E-002  -4.0103687401521836E-002  -3.5061477621206330E-002  -2.9947385057182967E-002  -2.3791703593617288E-002  -2.1015992323707551E-002  -1.9914792686000566E-002  -1.8486948382235815E-002  -1.9750316284827138E-002  -2.1230936099282775E-002  -2.1184555248845979E-002  -2.3506494393876910E-002  -2.6177629873158623E-002  -2.8515471742662151E-002  -3.0130131693334519E-002  -3.0502617116322902E-002  -3.1049495862500165E-002  -3.0411469048959517E-002  -2.9967536431686346E-002  -3.0555150861922589E-002  -3.1234083600982461E-002  -3.1312230384945836E-002  -3.0892815578589486E-002  -3.0420986188153490E-002  -3.0225532607611270E-002  -3.0338418913042474E-002  -3.0640780689511017E-002  -3.1007016789943189E-002  -3.1422382430930679E-002  -3.1866919159193340E-002  -3.2380495634759650E-002  -3.2675334190809022E-002  -3.2340360258895778E-002  -3.1448411056869997E-002  -3.1002520378156317E-002  -3.1508333182375274E-002  -3.2187588179830570E-002  -3.2488849114758231E-002  -3.2337023378259382E-002  -3.1976688239780962E-002  -3.1626237207749805E-002  -3.1352292320893281E-002  -3.1144136105660074E-002  -3.0989481218389296E-002  -3.0938670608881922E-002  -3.0982913218382098E-002  -3.1142504955009850E-002  -3.1127967700450416E-002  -3.0560512733822830E-002  -2.9478571790765535E-002  -2.8845553767124665E-002  -2.9208831407891805E-002  -2.9812534760680440E-002  -3.0088590987054943E-002  -2.9931117647711052E-002  -2.9559749132633661E-002  -2.9185466479458508E-002  -2.8878155565609354E-002  -2.8612029091676861E-002  -2.8364945645558588E-002  -2.8155079825365616E-002  -2.8061633719415825E-002  -2.8085317549185498E-002  -2.8230099242372554E-002  -2.8193045554050410E-002  -2.7596150558690739E-002  -2.6549001911394726E-002  -2.6032692029640415E-002  -2.6524020922695544E-002  -2.7239190706465053E-002  -2.7568540369730422E-002  -2.7360736245265419E-002  -2.6827000503551291E-002  -2.6229849247062745E-002  -2.5734151243425041E-002  -2.5424858586451996E-002  -2.5335400243154178E-002  -2.5487259426239112E-002  -2.5789173616263133E-002  -2.6150823619904177E-002  -2.6227315812570151E-002  -2.5655567677772786E-002  -2.4619186049710147E-002  -2.4119691829085143E-002  -2.4605579382687599E-002  -2.5317375356536838E-002  -2.5643173009647767E-002  -2.5406938173918960E-002  -2.4808284232433569E-002  -2.4132382695240435E-002  -2.3592247853157323E-002  -2.3316734590108044E-002  -2.3352750919672982E-002  -2.3694651944646723E-002  -2.4197978764148070E-002  -2.4716860451088809E-002  -2.4881794571419431E-002  -2.4340495299142107E-002  -2.3296211175653662E-002  -2.2764269377156435E-002  -2.3220577505505196E-002  -2.3934654534703028E-002  -2.4288897386690156E-002  -2.4076541818709052E-002  -2.3465369209016922E-002  -2.2725773094205041E-002  -2.2080276332154227E-002  -2.1673897847481607E-002  -2.1593745472187550E-002  -2.1858910933050483E-002  -2.2431288830911132E-002  -2.3128522280441408E-002  -2.3760780351284327E-002  -2.3940114213712300E-002  -2.3324730085022716E-002  -2.2221802725708863E-002  -2.1671544708537365E-002  -2.2054399369009419E-002  -2.2620135707133063E-002  -2.2746138638066706E-002  -2.2232176926874698E-002  -2.1289654144264914E-002  -2.0274082123062285E-002  -1.9505635257028295E-002  -1.9201872455527718E-002  -1.9431580519776618E-002  -2.0124157121957309E-002  -2.1013783040706221E-002  -2.1818484977982305E-002  -2.2094450080700882E-002  -2.1490169665673176E-002  -2.0319611929591291E-002  -1.9637002463981021E-002  -1.9860139278962418E-002  -2.0277377426232989E-002  -2.0274700702602691E-002  -1.9642210190421144E-002  -1.8586868490808272E-002  -1.7482757593536864E-002  -1.6685693741010223E-002  -1.6443036663659621E-002  -1.6826280828613382E-002  -1.7733755790840251E-002  -1.8851084003428463E-002  -1.9851778533608432E-002  -2.0281478764713399E-002  -1.9813331944003722E-002  -1.8820568283737148E-002  -1.8389776954026254E-002  -1.8936565746585098E-002  -1.9754930934396921E-002  -2.0203595195820937E-002  -2.0014185854697043E-002  -1.9331552881992873E-002  -1.8490056409367264E-002  -1.7848907467582553E-002  -1.7692975136441774E-002  -1.8173920499529820E-002  -1.9253632646345331E-002  -2.0724940159813167E-002  -2.2186689847485740E-002  -2.3268391912741906E-002  -2.3503001610757298E-002  -2.2582180025239609E-002  -2.0982653590335989E-002  -1.9936816355413469E-002  -1.9907771151350995E-002  -2.0158622247534185E-002  -2.0026738721618340E-002  -1.9243390765011300E-002  -1.7986414093361207E-002  -1.6617733534684948E-002  -1.5484585020821182E-002  -1.4759120239177052E-002  -1.4409965660191797E-002  -1.4100372692763924E-002  -1.3525657460097347E-002  -1.2181240287222193E-002  -9.7608473896670656E-003  -7.0104003825562514E-003  -6.0356661040340065E-003  -7.9278760814369062E-003  -1.1658793242373348E-002  -1.5990890444929438E-002  -1.9834856180964963E-002  -2.2240072212592880E-002  -2.2316288380157756E-002  -1.8963574071861247E-002  -1.2037808722223783E-002  -1.8127300414126771E-003   6.6597139109196594E-003   1.1486680454097254E-002   5.1051627787418175E-003   4.4224179873741594E-011
   3.9206686188184151E-005  0.11932612369094303       0.27693944326244374       0.40534924618125567       0.50557854355482024       0.57925312704956300       0.62882616789002810       0.65718169999564358       0.66727563863635275       0.66241857416198535       0.64528808694578110       0.61844215899425903       0.58397895128557631       0.54373564579223210       0.49879094385810169       0.45217995570357927       0.40257427007039992       0.35129659088991255       0.29605202420318150       0.24096773518266362       0.18710483974641290       0.13289499399379551        8.7395298844246183E-002   5.9861994690561617E-002   2.2723225640701786E-002   7.9148247138814840E-002  0.10255564589302360       0.11936849160547523       0.13165870459335746       0.13685742071245385       0.13152936150817374       0.11883484820489659       0.10133185833525199        8.1511070818658049E-002   6.2991101656661067E-002   4.3339930800816807E-002   2.5898354062168671E-002   1.3226608237578111E-002   1.9596194630621547E-003  -5.4012020659076343E-003  -7.1603427901813571E-003  -7.7272131574747218E-003  -5.8390071169675288E-003  -2.1501197163515903E-003   2.6957093050657271E-003   9.4479414054181622E-003   1.3429705329043053E-002   1.6072699302206138E-002   1.9121664117456309E-002   1.9336733115899628E-002   1.8993944946812780E-002   1.9697005710009343E-002   1.7508156143065248E-002   1.4502245424812142E-002   1.1501411712196159E-002   9.0648340198775223E-003   7.8470344488915898E-003   6.4904866295762403E-003   6.3485613132479831E-003   6.0279486074770235E-003   4.7111442943299177E-003   3.3976276941914919E-003   2.8504682449282640E-003   3.0047822145972064E-003   3.3891538194540491E-003   3.5880689991502502E-003   3.4596444396775240E-003   3.0347409040989608E-003   2.4020798393226484E-003   1.5957271391345432E-003   6.9449488241364490E-004  -2.7464702312980578E-004  -9.8276460587361290E-004  -1.0192564253358122E-003  -4.8982449334200985E-004  -4.3893105183777419E-004  -1.3948547225331853E-003  -2.5609607821169326E-003  -3.3316708078970545E-003  -3.5768188572592569E-003  -3.5226345158334972E-003  -3.4177289147190111E-003  -3.3880828459838487E-003  -3.4778316836337098E-003  -3.6978333028271828E-003  -4.0805576856534267E-003  -4.5694891126267295E-003  -5.1339827963086081E-003  -5.4591794725445120E-003  -5.1783709491909444E-003  -4.3698946947762791E-003  -4.0443335986117719E-003  -4.7783372604540790E-003  -5.8031340234002806E-003  -6.4978654609207835E-003  -6.6974328617911512E-003  -6.5948061243097369E-003  -6.4224580174764420E-003  -6.3053340915050606E-003  -6.2770432063776723E-003  -6.3537110919338656E-003  -6.5569377819366609E-003  -6.9333979084044558E-003  -7.4280795150424199E-003  -7.9910840762302954E-003  -8.2939172503161424E-003  -7.9706830492045511E-003  -7.1691297392496769E-003  -6.9137077322326016E-003  -7.7064335352977536E-003  -8.7492735793771783E-003  -9.3838334346418566E-003  -9.4099855598305440E-003  -9.0287594629682860E-003  -8.5446953422623588E-003  -8.1965131073268166E-003  -8.1354036110937097E-003  -8.4188398043767588E-003  -9.0380233281527212E-003  -9.8326283131982117E-003  -1.0638962181180781E-002  -1.1068624369253483E-002  -1.0757434488015040E-002  -9.9192879756637899E-003  -9.5967894667976627E-003  -1.0267366571486903E-002  -1.1166478589586889E-002  -1.1645644487648696E-002  -1.1491473670146590E-002  -1.0901606180385093E-002  -1.0208065988186490E-002  -9.7000218599516651E-003  -9.5725497231220827E-003  -9.8939769583531924E-003  -1.0623793040720803E-002  -1.1543785401715419E-002  -1.2431430742308805E-002  -1.2871832277903358E-002  -1.2510221587277732E-002  -1.1579091964394762E-002  -1.1134663768684917E-002  -1.1682742075527197E-002  -1.2488876885986827E-002  -1.2898056897940517E-002  -1.2661726208778683E-002  -1.1938630339355364E-002  -1.1040667325151816E-002  -1.0268930195311207E-002  -9.8490648659699514E-003  -9.9142408261781688E-003  -1.0473691355118423E-002  -1.1425926967366275E-002  -1.2497563325545472E-002  -1.3418427775420804E-002  -1.3762630417020218E-002  -1.3199461641039240E-002  -1.2080422837757961E-002  -1.1501384372398216E-002  -1.1886692127916716E-002  -1.2494800204220398E-002  -1.2675912377045701E-002  -1.2193766204787982E-002  -1.1249751609433331E-002  -1.0231311810938112E-002  -9.5173057058184247E-003  -9.3749106678151922E-003  -9.8808583989205643E-003  -1.0922095827498047E-002  -1.2160714886071480E-002  -1.3250293503193029E-002  -1.3721402211493271E-002  -1.3241657047672349E-002  -1.2173642122354531E-002  -1.1629526803355158E-002  -1.2072682251332621E-002  -1.2800189715235616E-002  -1.3165959783825443E-002  -1.2910701763739223E-002  -1.2208822470540075E-002  -1.1437943737297616E-002  -1.0984266007791125E-002  -1.1122572274098692E-002  -1.1920643334085044E-002  -1.3235536254288308E-002  -1.4694510533216224E-002  -1.5929416979561597E-002  -1.6485931507908041E-002  -1.6078201935132902E-002  -1.5142078355180446E-002  -1.4827622320352356E-002  -1.5593828266237000E-002  -1.6733652651865220E-002  -1.7556255084921868E-002  -1.7719057184862261E-002  -1.7305000717958683E-002  -1.6624388163381236E-002  -1.6049237943752452E-002  -1.5890068134447436E-002  -1.6307127641580401E-002  -1.7237086264970850E-002  -1.8420827400195895E-002  -1.9407119076946672E-002  -1.9811981974872668E-002  -1.9212826564036237E-002  -1.7398002923326581E-002  -1.4968674467772017E-002  -1.3281645238611349E-002  -1.2894273081730441E-002  -1.3100875681634387E-002  -1.3198516074108128E-002  -1.2829786487066758E-002  -1.2074352251468537E-002  -1.1216022720607823E-002  -1.0550476467324965E-002  -1.0215476350886618E-002  -1.0156597380020921E-002  -1.0037148921147281E-002  -9.5992275105481716E-003  -8.4469405705609475E-003  -6.4283077830697734E-003  -4.4428694991316192E-003  -4.6868580316412976E-003  -8.2149333777944717E-003  -1.3787200530043724E-002  -1.9794657161407696E-002  -2.4699994905482806E-002  -2.7162020904823184E-002  -2.6114685719253107E-002  -2.0638544945670304E-002  -1.1180080104887578E-002   1.1083270976656211E-003   1.0359669338003523E-002   1.4396441994885307E-002   6.2545167252720905E-003  -1.4814816040606904E-011
   3.9197396114840376E-005  0.11370633205635693       0.26514113391142868       0.39051331075266549       0.49051382703934726       0.56645304809292385       0.62028778435352472       0.65426980850667027       0.67102470545995174       0.67311256477421533       0.66303878154412632       0.64319240973689595       0.61532004932036388       0.58160424900263530       0.54327431389322978       0.50166905068238932       0.45705627048049596       0.41053897026816183       0.36194740228392058       0.31083077502890821       0.26312837629977820       0.22036192090894693       0.17972225121380214       0.13803680130924534        6.9769831936296905E-002   2.3479943790077926E-002   1.4824379100537207E-002   4.6342439156738253E-002   6.9046697592516415E-002   8.9581181857941561E-002   9.5942449395846230E-002   9.3982933460705145E-002   8.5263461868272397E-002   7.1232227575383861E-002   5.5311158110152435E-002   3.5270619572619837E-002   1.4988598757239159E-002  -2.3245126681236974E-003  -1.9340662437928466E-002  -3.2899723009557499E-002  -4.0706319244439591E-002  -4.6653926993528598E-002  -4.9104930697742188E-002  -4.8503654363628856E-002  -4.5438383487190918E-002  -3.9223587643024631E-002  -3.4694187858389514E-002  -3.0661985555896287E-002  -2.5673565066143787E-002  -2.3276562258357225E-002  -2.1508313150481861E-002  -1.9026818790342837E-002  -1.9917526445121153E-002  -2.2129248126858701E-002  -2.4752571697480470E-002  -2.7087759209234001E-002  -2.8357011738391648E-002  -2.9858192099040465E-002  -3.0232118758280271E-002  -3.0861781625058583E-002  -3.2507667073195516E-002  -3.4066285096169262E-002  -3.4659293157834788E-002  -3.4279386543128079E-002  -3.3409222188951253E-002  -3.2557469242552609E-002  -3.1999143518711012E-002  -3.1821482622404321E-002  -3.1999046125963652E-002  -3.2494291494534366E-002  -3.3173719753589646E-002  -3.3939678543574221E-002  -3.4415528280583293E-002  -3.4185742399613257E-002  -3.3385716773121583E-002  -3.3099885556337139E-002  -3.3878093638485852E-002  -3.4903476360012155E-002  -3.5513748466542344E-002  -3.5522550123042777E-002  -3.5140829260611045E-002  -3.4655566490770361E-002  -3.4263058266573616E-002  -3.4071487246463757E-002  -3.4117919291503207E-002  -3.4412137416799146E-002  -3.4838960088164755E-002  -3.5303907943690850E-002  -3.5456070190476120E-002  -3.4934593326280655E-002  -3.3855768820185018E-002  -3.3278498548931119E-002  -3.3811034274157901E-002  -3.4673257667210071E-002  -3.5191752938067422E-002  -3.5143032493562675E-002  -3.4697957009265493E-002  -3.4120496946570468E-002  -3.3604532376809396E-002  -3.3256175589082310E-002  -3.3136702502872602E-002  -3.3268322648844516E-002  -3.3652978534561943E-002  -3.4162287434704973E-002  -3.4675059227290583E-002  -3.4824698232987686E-002  -3.4251728926866384E-002  -3.3142588976039639E-002  -3.2570306084520245E-002  -3.3069843236702909E-002  -3.3836684972454026E-002  -3.4169842422768666E-002  -3.3825182840933332E-002  -3.2998422251234609E-002  -3.2041954791987862E-002  -3.1274171192056978E-002  -3.0915855321302154E-002  -3.1047081826467742E-002  -3.1622020616720391E-002  -3.2401081238618096E-002  -3.3136882534343180E-002  -3.3390095943424798E-002  -3.2792379994670717E-002  -3.1589140320326281E-002  -3.0869062659592817E-002  -3.1145931683151707E-002  -3.1657662093988022E-002  -3.1724634711424601E-002  -3.1098855799332310E-002  -2.9977001794174504E-002  -2.8738468126618250E-002  -2.7748976596495552E-002  -2.7269431643116585E-002  -2.7387554813231942E-002  -2.8024356379141718E-002  -2.8883910986944070E-002  -2.9664542012728314E-002  -2.9906097058671588E-002  -2.9254093218706072E-002  -2.7974845648063431E-002  -2.7171263220131959E-002  -2.7385039774952536E-002  -2.7882037061840070E-002  -2.7970608745263140E-002  -2.7357518193802104E-002  -2.6187482205171239E-002  -2.4808851733899615E-002  -2.3597281484892804E-002  -2.2855769410861048E-002  -2.2760046192566403E-002  -2.3305430672515524E-002  -2.4323512387833771E-002  -2.5448985735348751E-002  -2.6335016003266633E-002  -2.6526424429496813E-002  -2.5715780364233106E-002  -2.4312288490114485E-002  -2.3480048537666345E-002  -2.3696771819849183E-002  -2.4232670890301351E-002  -2.4404460515356496E-002  -2.3923456186883265E-002  -2.2956814178803901E-002  -2.1896368633883251E-002  -2.1154088493896179E-002  -2.1027874185410300E-002  -2.1593519670787743E-002  -2.2698238838010545E-002  -2.3945988140597441E-002  -2.4948719391754959E-002  -2.5238982734096114E-002  -2.4531046777291846E-002  -2.3259430796894999E-002  -2.2610960945479298E-002  -2.3102722231682998E-002  -2.4037313376779744E-002  -2.4719522102250355E-002  -2.4809714298110016E-002  -2.4408340436773212E-002  -2.3851280891989412E-002  -2.3514031341628668E-002  -2.3669481065639052E-002  -2.4369530747003109E-002  -2.5437051838885019E-002  -2.6465751916838757E-002  -2.7083647118263873E-002  -2.6880556823528946E-002  -2.5655081907837010E-002  -2.3943224390426513E-002  -2.2987461394825246E-002  -2.3308738174869635E-002  -2.4204608717490160E-002  -2.4924928688320858E-002  -2.5027524315576383E-002  -2.4495580117797369E-002  -2.3571562199842914E-002  -2.2599054815220107E-002  -2.1883976327074284E-002  -2.1582567174370536E-002  -2.1614934155417747E-002  -2.1699840983698097E-002  -2.1383252314412331E-002  -2.0325867638375360E-002  -1.8210622196527190E-002  -1.4978881011040642E-002  -1.1401991777551227E-002  -8.9928678430602742E-003  -8.4180072759148933E-003  -8.9975205314818708E-003  -9.9594471295710602E-003  -1.0805864112102388E-002  -1.1448158742763703E-002  -1.2013020044382122E-002  -1.2668408918320787E-002  -1.3455096404399241E-002  -1.4252940868011857E-002  -1.4702848937501815E-002  -1.4586196839250042E-002  -1.3615109541839239E-002  -1.1790624474549255E-002  -1.0160166461796988E-002  -1.1001383675736233E-002  -1.5325121134382455E-002  -2.1682928443070865E-002  -2.8119765693785315E-002  -3.2710771030133402E-002  -3.3827279370103783E-002  -3.0369103128599920E-002  -2.1756399380928888E-002  -9.1644200496954400E-003   5.3074994158079734E-003   1.5023864652583999E-002   1.7703234552248832E-002   7.2795034280939966E-003  -5.1933568556754268E-011
   3.9199809530045566E-005  0.10805075524338435       0.25290974925475357       0.37447364297384367       0.47323899445606893       0.55026730088840292       0.60711441007360634       0.64567376907404439       0.66815111982090236       0.67670534980401387       0.67347432276916952       0.66055653404743331       0.63975698909135337       0.61268082860609108       0.58070127180504172       0.54492136955248116       0.50615496114857461       0.46473795405040841       0.42245161033088968       0.37865562043121426       0.33637900374895580       0.29502345415795750       0.25788968734109763       0.21305691168498819       0.15128504948283411        9.6823918465526029E-002   6.6097419597220861E-002   2.4559404903683205E-002   8.4725402209008996E-002  0.10703353191205466       0.12270406206832492       0.13444775661458144       0.13811498726190410       0.13437287950638030       0.12525406368604569       0.10869530652783302        8.8812289914479647E-002   6.9247818248829959E-002   4.7908838916142435E-002   2.8557100001540981E-002   1.4137366614040536E-002   1.4183977011676743E-003  -7.3790087730544541E-003  -1.2244794002311106E-002  -1.3459327575176915E-002  -1.0167416572332255E-002  -7.1753636977170852E-003  -3.4191369763238032E-003   2.3082722944965514E-003   6.1284583695576508E-003   9.6186006449925157E-003   1.3762303073923015E-002   1.4226630057803388E-002   1.2949192842007434E-002   1.0852110655617477E-002   8.7158411000068589E-003   7.3954521213416653E-003   5.6201739846399087E-003   4.7389806722138552E-003   3.3836990003822598E-003   8.7660795836044304E-004  -1.5319030688237430E-003  -2.7971378368797481E-003  -2.7924594443833653E-003  -1.9798884904997475E-003  -9.5052534070571269E-004  -1.2101709788035955E-004   2.8381352915671178E-004   2.0581446273394699E-004  -3.2768429075178345E-004  -1.1333439296735187E-003  -2.0412332012593112E-003  -2.6232496025750617E-003  -2.4561496933854423E-003  -1.7043156904304726E-003  -1.4934085498807257E-003  -2.3972913171367515E-003  -3.5810318009143454E-003  -4.3270526184269326E-003  -4.3948524122983824E-003  -3.9849447413597850E-003  -3.4310943374339215E-003  -3.0099336085340389E-003  -2.9012777170018401E-003  -3.1696742201804133E-003  -3.7957450917484445E-003  -4.5932803463731324E-003  -5.3897509630918767E-003  -5.7861724622187373E-003  -5.4198155517048204E-003  -4.4417256858247916E-003  -3.9598308838948090E-003  -4.6173460619695983E-003  -5.6265710132530544E-003  -6.2645191230066921E-003  -6.2525859500603487E-003  -5.7455168048114831E-003  -5.0490091330116791E-003  -4.4390278400247805E-003  -4.1061290630271530E-003  -4.1625117054968873E-003  -4.6275306423297115E-003  -5.4462795419787284E-003  -6.4002940937422691E-003  -7.2812761977923352E-003  -7.6739988794839739E-003  -7.2217593023459880E-003  -6.1523145797043217E-003  -5.5947390338520605E-003  -6.1271777192712538E-003  -6.9483684040147703E-003  -7.3213503500121190E-003  -6.9609035388847251E-003  -6.0578658532818097E-003  -5.0120523473972407E-003  -4.2208643460876216E-003  -3.9732536504737117E-003  -4.3689470802210422E-003  -5.3207910844321957E-003  -6.5057961949201238E-003  -7.5909355313598685E-003  -8.0875069516724817E-003  -7.6278867460455669E-003  -6.4961993678526219E-003  -5.8358412222053171E-003  -6.2056623504780310E-003  -6.8519740620688746E-003  -7.0645033311355146E-003  -6.5548772871219406E-003  -5.5082423666807474E-003  -4.3388065887954982E-003  -3.4770322400792049E-003  -3.2404732274259455E-003  -3.7308075394599997E-003  -4.8296146743514578E-003  -6.1673050538706940E-003  -7.3719532967388831E-003  -7.9507049491699452E-003  -7.5632763059944146E-003  -6.5228819121420064E-003  -5.9901208288880561E-003  -6.5503857855748696E-003  -7.4720412895560914E-003  -8.0211074785657335E-003  -7.8457441198173123E-003  -7.0566124333498710E-003  -6.0160785835186607E-003  -5.1532401285338571E-003  -4.8313659742904571E-003  -5.2573478497803076E-003  -6.4079931315448660E-003  -8.0511357803176413E-003  -9.7409631954953058E-003  -1.1072828250577239E-002  -1.1585978424191757E-002  -1.1020864517964517E-002  -9.8661194795585140E-003  -9.3704638210709290E-003  -1.0073829649416582E-002  -1.1256086916385728E-002  -1.2184461598475672E-002  -1.2487646561797360E-002  -1.2257614866003156E-002  -1.1845643868013983E-002  -1.1656199617079923E-002  -1.1989428438939777E-002  -1.2909332460132344E-002  -1.4232218413427625E-002  -1.5530685609085127E-002  -1.6414692764342743E-002  -1.6464050202849988E-002  -1.5483079387333275E-002  -1.4014063951381084E-002  -1.3343768588049768E-002  -1.4055826545494060E-002  -1.5455952907966053E-002  -1.6779794181377015E-002  -1.7569959238342047E-002  -1.7802484654674097E-002  -1.7716380306972080E-002  -1.7627262636974277E-002  -1.7773100705678439E-002  -1.8180167486481835E-002  -1.8652981917711919E-002  -1.8790169414665533E-002  -1.8269860073271339E-002  -1.6786253235355760E-002  -1.4280242483610150E-002  -1.1437488202343552E-002  -9.6314202404981855E-003  -9.4710291274798988E-003  -1.0269429744825668E-002  -1.1210006281729813E-002  -1.1724684759032048E-002  -1.1654272352066041E-002  -1.1121549033912071E-002  -1.0390656919902902E-002  -9.7233840056922607E-003  -9.2524204254971626E-003  -8.8859883332835510E-003  -8.3485094981394347E-003  -7.2279255220939736E-003  -5.2821053836778825E-003  -2.3499784781229995E-003   1.4333894953350991E-003   5.0999217801101504E-003   6.9694887293256548E-003   6.2714203112283450E-003   3.6830490797164065E-003   8.9303621716301009E-005  -3.8065558721424057E-003  -7.6658967115152288E-003  -1.1368294474186441E-002  -1.4867398890973315E-002  -1.8034759098459398E-002  -2.0632965333566098E-002  -2.2249376487703393E-002  -2.2688611605698870E-002  -2.1763921844458623E-002  -1.9629385996795326E-002  -1.7490635815463559E-002  -1.7734703734871467E-002  -2.1382403550979995E-002  -2.6863398154091937E-002  -3.2001253562825724E-002  -3.4645228264609848E-002  -3.3067523639240821E-002  -2.6327028388731577E-002  -1.4348470268540699E-002   8.6839238258767709E-004   1.6292960345392904E-002   2.4682374326247977E-002   2.3972605196496313E-002   9.4355138990329709E-003   2.7227997634355919E-011
   3.9177356460098907E-005  0.10249010059544544       0.24067868886950494       0.35796408814341107       0.45472992708306104       0.53181978644866179       0.59050576496090368       0.63237953674807712       0.65919559483977919       0.67287126884544279       0.67530908118478417       0.66828429042600956       0.65352559172541203       0.63254464111280584       0.60664721875491534       0.57673785565155555       0.54403315729051671       0.50905809453216344       0.47286407883632520       0.43570399257030906       0.39994355102665036       0.36500344971046245       0.32784483977699691       0.28566898960401838       0.24334721296351022       0.19818773924574867       0.15299052675545571        7.7094340859376470E-002   2.6570554764216939E-002   1.3496064675976674E-002   4.5811303726652292E-002   6.8929579657005982E-002   9.0410729315120730E-002  0.10009318627158580       0.10221012052442811        9.4085997640806329E-002   7.9432917551560067E-002   6.2238654296180786E-002   4.0548745463378916E-002   1.8412701948188667E-002  -6.9076129511790713E-004  -1.9319938135300287E-002  -3.4556018065387023E-002  -4.5742995151221176E-002  -5.2606598528401077E-002  -5.3855522731412517E-002  -5.4018615663160831E-002  -5.1957110529630889E-002  -4.6580166785692337E-002  -4.2036992433511909E-002  -3.7134302875869690E-002  -3.1285460659647907E-002  -2.9130606636725370E-002  -2.8914927928483974E-002  -2.9777976814767643E-002  -3.0934604056608198E-002  -3.1528045104983506E-002  -3.2870758769949548E-002  -3.3678290513604790E-002  -3.5334733370854181E-002  -3.8437194135455453E-002  -4.1563423957077933E-002  -4.3457767599501804E-002  -4.3822315831973047E-002  -4.3052680821409790E-002  -4.1792331278205364E-002  -4.0587414019599526E-002  -3.9801455736968638E-002  -3.9582667211909152E-002  -3.9919122955570541E-002  -4.0578942699599614E-002  -4.1318590024292438E-002  -4.1657344419639933E-002  -4.1165308169943918E-002  -4.0039528559988907E-002  -3.9452921014360418E-002  -4.0010722745439035E-002  -4.0867065774576529E-002  -4.1254722899136467E-002  -4.0883560857670490E-002  -3.9948592575355671E-002  -3.8836762040346209E-002  -3.7911948516407550E-002  -3.7430273053169157E-002  -3.7483376976168832E-002  -3.8016358040250171E-002  -3.8761368524039157E-002  -3.9456413450628808E-002  -3.9645373971321868E-002  -3.8958542570363387E-002  -3.7580593133290298E-002  -3.6671003784034810E-002  -3.6912948980983233E-002  -3.7516596811415129E-002  -3.7713478789996070E-002  -3.7172718090108144E-002  -3.6036404692408666E-002  -3.4657843706692164E-002  -3.3403170639656823E-002  -3.2554988672800537E-002  -3.2279872800199651E-002  -3.2591359392261737E-002  -3.3369071136426565E-002  -3.4293724413917856E-002  -3.5061519777315940E-002  -3.5205602576967823E-002  -3.4375055060216188E-002  -3.2846660894643338E-002  -3.1816281923898418E-002  -3.1916623209097383E-002  -3.2358330149986181E-002  -3.2371080946558509E-002  -3.1623954434578959E-002  -3.0292532626055486E-002  -2.8811035464642705E-002  -2.7643395115416729E-002  -2.7137025302706796E-002  -2.7405710230415381E-002  -2.8320426702823503E-002  -2.9479959782447353E-002  -3.0476479408335998E-002  -3.0787033961930811E-002  -3.0061575509527164E-002  -2.8638789311946640E-002  -2.7729853409647783E-002  -2.7947201545442436E-002  -2.8546755739552385E-002  -2.8778622711081350E-002  -2.8294216012611770E-002  -2.7238915000126891E-002  -2.6030136641572374E-002  -2.5134034403654561E-002  -2.4903488893969386E-002  -2.5444027751206733E-002  -2.6600405794757767E-002  -2.7944103399951355E-002  -2.9057167214369566E-002  -2.9443375448142031E-002  -2.8806073882344085E-002  -2.7530716815686900E-002  -2.6854613077056510E-002  -2.7417898591383921E-002  -2.8492055611209453E-002  -2.9288362894702671E-002  -2.9370448117261815E-002  -2.8778255852208553E-002  -2.7846467134078529E-002  -2.7017810118487241E-002  -2.6684258966200365E-002  -2.7065249664384783E-002  -2.8116117212105163E-002  -2.9554260929407293E-002  -3.0881290504715327E-002  -3.1673206936347960E-002  -3.1506632908667648E-002  -3.0210798557601806E-002  -2.8387384570870006E-002  -2.7393288403461471E-002  -2.7842189915812835E-002  -2.9020377080374717E-002  -3.0124878320007587E-002  -3.0663454130353537E-002  -3.0601177411249094E-002  -3.0192169515781062E-002  -2.9782878587810476E-002  -2.9641787815031736E-002  -2.9811106905715007E-002  -3.0092413194901250E-002  -3.0066095575934277E-002  -2.9394624423754456E-002  -2.7765101218763234E-002  -2.5128235485284044E-002  -2.2180295702541701E-002  -2.0341284052931587E-002  -2.0280416959428026E-002  -2.1309255064417176E-002  -2.2578263407259880E-002  -2.3477182859051406E-002  -2.3807441385365568E-002  -2.3654673714753098E-002  -2.3223650625748413E-002  -2.2683679759295233E-002  -2.2026936248111532E-002  -2.1058399958150262E-002  -1.9423288843164778E-002  -1.6905336170866356E-002  -1.3361990993317224E-002  -8.9301893257407970E-003  -4.4891350823564472E-003  -1.5761780333516551E-003  -9.1025233687294551E-004  -1.8289138454614883E-003  -3.4412955489797350E-003  -5.0263787073531402E-003  -6.2371647255178965E-003  -7.0187421624073243E-003  -7.4952220381909601E-003  -7.8326255969573700E-003  -8.1069645953605954E-003  -8.2044105480795319E-003  -7.8655782257670229E-003  -6.7433531264160717E-003  -4.7170271679186594E-003  -1.7974948479361015E-003   1.6834861008523754E-003   4.5706609917225173E-003   5.0354723627925226E-003   2.2283463274848534E-003  -3.1445360053826469E-003  -1.0046166256416536E-002  -1.7519296917902216E-002  -2.4917438894048030E-002  -3.1810972893396343E-002  -3.7881999376169227E-002  -4.2789816565513651E-002  -4.6155453770459078E-002  -4.7504111636501332E-002  -4.6662999042526368E-002  -4.3548838403185373E-002  -3.8478982587792240E-002  -3.2849208565937808E-002  -2.9224915172604150E-002  -2.8754056889075525E-002  -2.9916357675657940E-002  -3.0537883082520496E-002  -2.8498475428586603E-002  -2.2225288363664577E-002  -1.1144384531266824E-002   4.1960630233517614E-003   2.0975941082174297E-002   3.5376943691863144E-002   3.9842748544223774E-002   3.2977221721293290E-002   1.2037020324653860E-002  -1.3898215911481354E-011
   3.9204904584332894E-005   9.6845475856258342E-002  0.22806343458868372       0.34051067188407691       0.43452439301810369       0.51081588389044996       0.57043819376896654       0.61473377458147238       0.64519674534498128       0.66345478140928971       0.67113933346544696       0.66984800689151103       0.66107755253929523       0.64613802185966596       0.62630094026058070       0.60260090970318025       0.57596427037348985       0.54711050648536863       0.51690091727090115       0.48636453202931473       0.45512333562499768       0.42344213753044196       0.39060247143609095       0.35535612313431875       0.31751606759773998       0.28066416931234744       0.23406861393507564       0.16852499623790104       0.10966646107234733        7.5863131847161092E-002   2.5357141955567711E-002   9.2149020119867350E-002  0.11999598132441686       0.14224872297995533       0.15880576285978165       0.16086051560352488       0.15520344734194194       0.14501189994756541       0.12737132125866343       0.10624200297109181        8.5326733875689578E-002   6.2613744951673586E-002   4.1665219194146688E-002   2.3850659695476978E-002   1.0170719297942131E-002   2.5873595284667599E-003  -2.8938632102241042E-003  -4.8204024694810483E-003  -2.0209060646356677E-003   1.2266015871721272E-003   5.8198432106764423E-003   1.1994118647894510E-002   1.4814251768256591E-002   1.5835401126957145E-002   1.5812695854558478E-002   1.5466351230804523E-002   1.5565386268595370E-002   1.4655792515613450E-002   1.3861851364239626E-002   1.1707419362841720E-002   7.6302676276131069E-003   3.2137737268808806E-003  -5.4047308033428943E-005  -1.6608009488445243E-003  -1.8849705829496015E-003  -1.3770054487229439E-003  -7.7951007927484187E-004  -5.7432214669335662E-004  -9.8807139971706054E-004  -2.0170707201223079E-003  -3.3761595377239844E-003  -4.7462088190036288E-003  -5.5957533001508809E-003  -5.4940759460223318E-003  -4.6798794432366675E-003  -4.3845625863045317E-003  -5.2570092629983679E-003  -6.4511809542289198E-003  -7.1572473504273974E-003  -7.0383380012565642E-003  -6.2841796900492382E-003  -5.3343756248807770E-003  -4.6396271281068059E-003  -4.5313506083163053E-003  -5.1255312081319214E-003  -6.3270660729841978E-003  -7.7812081054730083E-003  -9.1327102076668130E-003  -9.8674392180792478E-003  -9.6106472409132303E-003  -8.5846499585442992E-003  -8.0060992495439281E-003  -8.6045447137319472E-003  -9.5926470522708970E-003  -1.0156894502776730E-002  -9.9099559673217104E-003  -8.9744013102923282E-003  -7.7444727273616931E-003  -6.6718117737033476E-003  -6.1281843719176304E-003  -6.3319415591305854E-003  -7.2875041782603008E-003  -8.8058486958332207E-003  -1.0466185866256252E-002  -1.1873319293534515E-002  -1.2518275217175171E-002  -1.2069199971646134E-002  -1.0866467856256458E-002  -1.0186514683024899E-002  -1.0727326291591451E-002  -1.1715157409114045E-002  -1.2339380185210559E-002  -1.2204631964553085E-002  -1.1443166716202977E-002  -1.0491558059366595E-002  -9.8506239162945448E-003  -9.9046102421727483E-003  -1.0771570589827811E-002  -1.2284387917404781E-002  -1.3980457467726295E-002  -1.5404211434391902E-002  -1.6030923502837365E-002  -1.5560213264188133E-002  -1.4412286501790045E-002  -1.3885279930170243E-002  -1.4654710696269131E-002  -1.5982811667626173E-002  -1.7061194448049086E-002  -1.7446360195071363E-002  -1.7197223613911433E-002  -1.6683254143326266E-002  -1.6360009621057634E-002  -1.6582934536672086E-002  -1.7448154844341167E-002  -1.8772062418712831E-002  -2.0095501796520858E-002  -2.0997151982814759E-002  -2.1026716431739086E-002  -1.9979076006076450E-002  -1.8352488458481541E-002  -1.7491226839220022E-002  -1.8108366894711320E-002  -1.9481803147905180E-002  -2.0753585454705077E-002  -2.1369761309857960E-002  -2.1251225328258867E-002  -2.0648783548477316E-002  -1.9964649066487643E-002  -1.9577275315927428E-002  -1.9696028751766279E-002  -2.0255959641020775E-002  -2.0949114956713640E-002  -2.1269458174789993E-002  -2.0830948231281603E-002  -1.9308025759475479E-002  -1.6673626559164455E-002  -1.3686171169310217E-002  -1.1841070778678789E-002  -1.1841936430757148E-002  -1.2981416653160622E-002  -1.4367428397942200E-002  -1.5348479927885504E-002  -1.5708961654640214E-002  -1.5545587717277973E-002  -1.5092329242932591E-002  -1.4549458113619955E-002  -1.3927102017471485E-002  -1.3030164762432067E-002  -1.1488593115983889E-002  -9.0732725633960107E-003  -5.6374991703679869E-003  -1.3310749759344598E-003   2.9541955676705067E-003   5.6354140890856989E-003   5.9394077385380856E-003   4.5429589488755412E-003   2.3904603036520680E-003   2.7209764956493435E-004  -1.3963417804572840E-003  -2.4959248809742194E-003  -3.0717310703490906E-003  -3.1894043792416115E-003  -2.7937193286237004E-003  -1.6996375201479065E-003   3.7466339629675026E-004   3.5069582754999220E-003   7.6469970929317378E-003   1.2441114723278978E-002   1.6804833244420322E-002   1.9030848774600050E-002   1.8287133279782458E-002   1.5212167089753497E-002   1.0779171893374505E-002   5.8830351705174092E-003   1.0955788538504370E-003  -3.2993280703455760E-003  -7.2278418140484932E-003  -1.0706484485466679E-002  -1.3714812933702636E-002  -1.6095535301024474E-002  -1.7598942517028777E-002  -1.7940595140897783E-002  -1.7110164355279796E-002  -1.5262712959633643E-002  -1.2884210891122105E-002  -1.1270038154788203E-002  -1.2356323457826102E-002  -1.7043795708096891E-002  -2.4586620304571056E-002  -3.3802050671598013E-002  -4.3496384542914032E-002  -5.2735920266732836E-002  -6.0802358121496640E-002  -6.7130522778151722E-002  -7.1202194952555253E-002  -7.2543702917617123E-002  -7.0668152400205450E-002  -6.5462152086505757E-002  -5.6959788226925864E-002  -4.5645103919860527E-002  -3.3128541139284727E-002  -2.2227426945368889E-002  -1.4355574133541195E-002  -8.2586007254534088E-003  -2.0518114263137748E-003   6.0407404631144549E-003   1.7165467137187706E-002   3.1369557568232197E-002   4.7487363714504724E-002   6.2063325220519425E-002   7.0820481608589808E-002   6.6285491984863373E-002   4.8227271896917646E-002   1.6531082872842339E-002   1.1937117960782307E-012
   3.9131349600952417E-005   9.1205198473601520E-002  0.21529919279669438       0.32252293334569571       0.41317306993726599       0.48786398002409015       0.54747759669112006       0.59313335380977716       0.62611606052596691       0.64782096146522239       0.65967071157427659       0.66308959042767102       0.65943350190961392       0.64996798901364683       0.63580390083530913       0.61797361182955934       0.59734244037245543       0.57484698780162369       0.55089864610411676       0.52625696048322157       0.50121399215578111       0.47535177666815559       0.44810403978052621       0.42028529234174089       0.38913762201063112       0.35410136353101712       0.31198388298526802       0.26849605692367173       0.22104575507778054       0.17235530515351102        8.9233285604762902E-002   3.2161363539370172E-002   2.8657040036661179E-002   8.9263225645508384E-002  0.10794569533226486       0.11923652860292684       0.12754227709107036       0.12956512332501910       0.12196183428055628       0.10755633100679318        9.0299453867457330E-002   6.8299531068666694E-002   4.5467337016177105E-002   2.3795814664227085E-002   5.0433012012609125E-003  -8.0288650956208581E-003  -1.8689129672077646E-002  -2.4950635499292349E-002  -2.5341638442007798E-002  -2.4068973330241217E-002  -2.0361249635335518E-002  -1.4197324276892560E-002  -1.0702702685635690E-002  -8.4576915014100539E-003  -6.7958076377866161E-003  -5.0953086890560429E-003  -2.7552214747065106E-003  -1.4843148883382450E-003  -4.4718088359287810E-004  -1.3334365181474662E-003  -4.7663465313606745E-003  -9.0599391517964378E-003  -1.2510804346099073E-002  -1.4372717978889305E-002  -1.4764051279484432E-002  -1.4290529204499452E-002  -1.3642672603573661E-002  -1.3381456138641126E-002  -1.3783487231462268E-002  -1.4834773664635004E-002  -1.6187399582676603E-002  -1.7445763287787120E-002  -1.8034455415357791E-002  -1.7534355778405834E-002  -1.6241106600181267E-002  -1.5460547685195740E-002  -1.5899854644544381E-002  -1.6723437773028656E-002  -1.7082313734559294E-002  -1.6588109104345935E-002  -1.5414015518628119E-002  -1.4038207060586200E-002  -1.2984915499311338E-002  -1.2650716197965641E-002  -1.3170087334512562E-002  -1.4406787955827678E-002  -1.5923636625623159E-002  -1.7281842146445361E-002  -1.7922823487259390E-002  -1.7481704036449698E-002  -1.6232204256415739E-002  -1.5459473001935179E-002  -1.5947200383155908E-002  -1.6912435470160005E-002  -1.7489681835505862E-002  -1.7218551884480467E-002  -1.6178161844701010E-002  -1.4777136189619809E-002  -1.3528360557033305E-002  -1.2874158622544511E-002  -1.3073276795203329E-002  -1.4117576282567058E-002  -1.5754572247309275E-002  -1.7476252968019523E-002  -1.8818556788192740E-002  -1.9258282734127861E-002  -1.8511461894885218E-002  -1.7007483296909133E-002  -1.6122609539558224E-002  -1.6630860652521215E-002  -1.7772958118295604E-002  -1.8681233403185504E-002  -1.8862613069613177E-002  -1.8359747809222553E-002  -1.7560106122503593E-002  -1.6954687655942748E-002  -1.6931898458374273E-002  -1.7601855088009398E-002  -1.8770009006974234E-002  -1.9943937896382734E-002  -2.0666913060535790E-002  -2.0465523405780481E-002  -1.9139826681898748E-002  -1.7233204196678779E-002  -1.6159817133407795E-002  -1.6672854221724379E-002  -1.8038492511814684E-002  -1.9367741473974767E-002  -2.0080152550185734E-002  -2.0090724202758443E-002  -1.9657556528949401E-002  -1.9168459843902651E-002  -1.8942293315982118E-002  -1.9052791510406491E-002  -1.9303818562093577E-002  -1.9246982847759796E-002  -1.8516441339927546E-002  -1.6773506981904655E-002  -1.3967092349616699E-002  -1.0760626593454104E-002  -8.6446402566003472E-003  -8.4301602616874364E-003  -9.4100273377700373E-003  -1.0645635434914815E-002  -1.1432300703382142E-002  -1.1519591257342015E-002  -1.1010990721511144E-002  -1.0205357854741937E-002  -9.4179185889223718E-003  -8.8214590710809660E-003  -8.3326984933979505E-003  -7.6480937888907729E-003  -6.3051680908778910E-003  -4.0180834554747842E-003  -6.2101283772622064E-004   3.7167950037438964E-003   8.0412860478898673E-003   1.0693163937904636E-002   1.0865414145195366E-002   9.2580247491288754E-003   6.8667045791816761E-003   4.5344200306345634E-003   2.7057463932882251E-003   1.4985474217460376E-003   8.4593345519011400E-004   6.5577348803125724E-004   9.6691333646988181E-004   1.9635846219040495E-003   3.9403628499763360E-003   6.9844694324435359E-003   1.1046038499910451E-002   1.5755133926090827E-002   2.0012968640373680E-002   2.2067952589409263E-002   2.1038705379668239E-002   1.7587148866787711E-002   1.2753901454182219E-002   7.5200614401346845E-003   2.5424118464795445E-003  -1.8210138819806584E-003  -5.4178110643074784E-003  -8.1785822322603223E-003  -9.9825287762950309E-003  -1.0649379279157193E-002  -9.9700424458510351E-003  -7.9983439453254705E-003  -4.9558303541795707E-003  -1.3779803853236948E-003   1.4845721207509455E-003   1.7873235640298211E-003  -1.3953484903165836E-003  -7.4451313105021004E-003  -1.5315391255750542E-002  -2.3949442110508885E-002  -3.2554270597675038E-002  -4.0606266324190711E-002  -4.7811237807581480E-002  -5.4011246386394471E-002  -5.9071498596509231E-002  -6.2785057146959297E-002  -6.4913073489310302E-002  -6.5228377157284703E-002  -6.3801297268064550E-002  -6.0868769484647471E-002  -5.6988606537177668E-002  -5.3521193448658758E-002  -5.2463194549954489E-002  -5.4757151454066184E-002  -5.9657340714089714E-002  -6.5930038607346197E-002  -7.2278983569217928E-002  -7.7629896847932700E-002  -8.1118026400558985E-002  -8.2066919370306010E-002  -7.9916758931760437E-002  -7.4237004933590867E-002  -6.4652828131941009E-002  -5.1185530980819079E-002  -3.3979544176755000E-002  -1.3611831618940239E-002   8.1675338774440005E-003   2.8311777663395852E-002   4.5090912826298589E-002   5.9327247279135971E-002   7.2327921888718949E-002   8.5204638590649653E-002   9.8450958783161971E-002  0.11154938518314529       0.12292727165609475       0.12897252030243819       0.12554300271473140       0.10576147917355720        7.0669832003520699E-002   2.3307912086018422E-002   2.1671553440705808E-013
   3.9242096623694683E-005   8.5444210209707314E-002  0.20212190616295098       0.30368025482326144       0.39039761875303297       0.46282968036007660       0.52173890342290774       0.56808588369785773       0.60297454994493305       0.62760199005407891       0.64320686343069700       0.65103357984964583       0.65226096696655522       0.64803430973894682       0.63937850019378784       0.62726086406016734       0.61244225587669010       0.59570314601619145       0.57769171677492959       0.55863674262128182       0.53874317212474221       0.51811329390289917       0.49646320220173518       0.47322152312808391       0.44725717530801751       0.41840887468131910       0.38515275822997802       0.34798010013422476       0.31054034115742063       0.26069608008334255       0.19141338826955137       0.12500140850260247        7.5680391048638745E-002   3.1915025114732196E-002   8.9659277731531390E-003   3.8833761349225351E-002   5.8929085899093424E-002   7.8424422929307264E-002   8.3184238108521769E-002   7.9813362185050155E-002   7.1357778357925922E-002   5.4973441190007195E-002   3.4600074992311665E-002   1.2566476472910900E-002  -8.7269056346659640E-003  -2.5779342337189079E-002  -4.1083369022891641E-002  -5.1977429803039994E-002  -5.6499135660909187E-002  -5.8570398915449275E-002  -5.7323972204020593E-002  -5.2735231820150948E-002  -4.9922446391295429E-002  -4.7440716087324968E-002  -4.4610843648857083E-002  -4.0877856063143266E-002  -3.5847749061746523E-002  -3.1582493632610717E-002  -2.7671730038042235E-002  -2.6168054320581842E-002  -2.7892423218416198E-002  -3.1159873746217832E-002  -3.4110028953903762E-002  -3.5774340916262762E-002  -3.6084535744834993E-002  -3.5552269566802415E-002  -3.4859478299510395E-002  -3.4594472119287435E-002  -3.5043634323183713E-002  -3.6157138905241477E-002  -3.7514040847656888E-002  -3.8645951877709785E-002  -3.8947753012230690E-002  -3.8031867080803396E-002  -3.6271701611283569E-002  -3.5066024248128318E-002  -3.5193686273440342E-002  -3.5834361579708943E-002  -3.6092842897065519E-002  -3.5509137352110920E-002  -3.4209500111891569E-002  -3.2676033390686011E-002  -3.1474777092392360E-002  -3.1044731476961969E-002  -3.1528975283531657E-002  -3.2754599219179753E-002  -3.4220031229216810E-002  -3.5431488870590937E-002  -3.5819831622790732E-002  -3.5063387267865564E-002  -3.3515372076904804E-002  -3.2550158501969864E-002  -3.3017431731530225E-002  -3.4138820458698288E-002  -3.4982269457317708E-002  -3.4983937651933410E-002  -3.4136358764012338E-002  -3.2813605784162973E-002  -3.1543611294178528E-002  -3.0803373449416964E-002  -3.0871655474213670E-002  -3.1725566936306016E-002  -3.3065613283503541E-002  -3.4329708745733982E-002  -3.5030147299854403E-002  -3.4679764585210188E-002  -3.3090133171103528E-002  -3.0818751260780045E-002  -2.9369336226515327E-002  -2.9606205974049518E-002  -3.0782413935995016E-002  -3.1951377110040570E-002  -3.2479828771780836E-002  -3.2262025210661106E-002  -3.1570972147273307E-002  -3.0828832446944628E-002  -3.0387948964159989E-002  -3.0337762695040935E-002  -3.0473926504963920E-002  -3.0318731938613237E-002  -2.9476955279757914E-002  -2.7595639823851471E-002  -2.4639781967152920E-002  -2.1328218985975353E-002  -1.9228218059109278E-002  -1.9191563936885980E-002  -2.0491189825465363E-002  -2.2139312815451808E-002  -2.3378376216351596E-002  -2.3921294077534898E-002  -2.3848372466753826E-002  -2.3418564585000252E-002  -2.2871872750144705E-002  -2.2245670542099180E-002  -2.1348353691020082E-002  -1.9785797016642351E-002  -1.7307425603639907E-002  -1.3750014466723793E-002  -9.2741257822305974E-003  -4.7541784359976221E-003  -1.8603275559703320E-003  -1.5234210774288891E-003  -3.0602220953812186E-003  -5.4434193639103807E-003  -7.7887650597019296E-003  -9.6250901705347731E-003  -1.0844861484415715E-002  -1.1577138995589707E-002  -1.2018206234289255E-002  -1.2270591212204373E-002  -1.2226785432725385E-002  -1.1607947616007674E-002  -1.0033121955798800E-002  -7.3597184590767752E-003  -3.6179164495611913E-003   8.0395698669931252E-004   4.7466324633387109E-003   6.3850667161309280E-003   4.8090157606078456E-003   7.1207954445026548E-004  -4.8011631697021826E-003  -1.0681179436796711E-002  -1.6225937890089300E-002  -2.1063224832047641E-002  -2.5049798328720806E-002  -2.8133708831984298E-002  -3.0205785420026717E-002  -3.1086163912756155E-002  -3.0556274736645551E-002  -2.8666290806258581E-002  -2.5644132164359273E-002  -2.2047408799479678E-002  -1.9144598774669445E-002  -1.8825888009269001E-002  -2.2066996227656913E-002  -2.8226949566204012E-002  -3.6192036195183942E-002  -4.4819856617049583E-002  -5.3236141996022612E-002  -6.0854328872465370E-002  -6.7323980559407970E-002  -7.2436147064547415E-002  -7.6001905792583313E-002  -7.7843802070570275E-002  -7.7813237090324797E-002  -7.6057577150624403E-002  -7.2898049244289789E-002  -6.8958030610950460E-002  -6.5563930250748401E-002  -6.4631679014111931E-002  -6.7149833609494058E-002  -7.2534682069151368E-002  -7.9728328820023023E-002  -8.7603401017368215E-002  -9.5237517796238375E-002 -0.10194124919434799      -0.10725351568681354      -0.11088296340324631      -0.11261919794392916      -0.11224802394971860      -0.10958464867621341      -0.10448578991434439       -9.7082903585519367E-002  -8.7607700704750796E-002  -7.6558757302959926E-002  -6.5247037021349555E-002  -5.5669127371154294E-002  -4.8804704732434284E-002  -4.3993898606107994E-002  -4.0153402080664001E-002  -3.6157379394036918E-002  -3.1067175377657786E-002  -2.4116969030409132E-002  -1.4733471195095106E-002  -2.5122866532588497E-003   1.2745643704231603E-002   3.1128609678523936E-002   5.2384357086585058E-002   7.6337043326612342E-002  0.10260668233613617       0.12964901944479051       0.15448669035819820       0.17530330041839903       0.19250025127131723       0.20652215997950107       0.21749041928616636       0.22511921295409845       0.22845794864913299       0.22596368978798778       0.21467193242997659       0.19179917461929993       0.15160867330089167        9.6331714285716893E-002   2.9374871946563123E-002   1.1368683772173515E-013
   3.9174318200619941E-005   7.9614790160039112E-002  0.18866509525998298       0.28419071735742391       0.36646468696022011       0.43598239318838022       0.49340978093718468       0.53957645120804876       0.57543100053177576       0.60201765299067489       0.62042346609853516       0.63175305178707541       0.63708265025463673       0.63744302565818267       0.63377645480573397       0.62695422329214456       0.61776895924104414       0.60681332257083809       0.59462758271889449       0.58154912138282600       0.56779460025219541       0.55327067517352990       0.53763950763552726       0.52039621476456777       0.50087082075982303       0.47816299399835133       0.45320284123599758       0.42302775952197391       0.38741628493032909       0.34240897511791080       0.29197020725517686       0.23670919338615443       0.17707424341714373       0.12200973761530812        8.4437190092547340E-002   2.6703477151516494E-002   9.5501631600106579E-002  0.11632015166171300       0.12994694902500184       0.14002730508339223       0.14279899325920314       0.13527167179232988       0.12034225065726223       0.10077718945024330        7.9155253519674909E-002   5.9374881578268993E-002   3.9600984305429264E-002   2.3178216180033989E-002   1.2669082512760062E-002   4.6111845974333406E-003   1.9125198608853407E-004  -3.0274436855734765E-004  -1.7115044391846682E-003  -2.3185154426289449E-003  -1.2390442172324158E-003   2.1298605560038336E-003   8.0050900447572668E-003   1.3921610571802403E-002   1.9754238972181783E-002   2.2942414737066468E-002   2.2315883774476686E-002   1.9427369219559992E-002   1.6204144215340971E-002   1.3797476993555904E-002   1.2469464676459801E-002   1.1842796336384727E-002   1.1299737575453602E-002   1.0279333318116372E-002   8.5274926647989375E-003   6.1528958084549673E-003   3.6518587295929325E-003   1.5499726175768644E-003   4.5464412225536450E-004   6.9067319387203848E-004   1.7787216971254199E-003   2.2062567803590584E-003   1.1117170085857503E-003  -6.9724504885578258E-004  -2.2593070900175098E-003  -3.0049342661073535E-003  -2.9616254164317665E-003  -2.5584904016487660E-003  -2.3523433508360302E-003  -2.7894897276987203E-003  -4.0091331881298318E-003  -5.8141741817667068E-003  -7.6737914576617376E-003  -9.0905052327912884E-003  -9.5429158638365378E-003  -8.8082720093171883E-003  -7.3656278703018276E-003  -6.7125064552205176E-003  -7.7849360367063429E-003  -9.8128006153409015E-003  -1.1780746427397279E-002  -1.2982865249798916E-002  -1.3268074683777348E-002  -1.2909236518056441E-002  -1.2384963464648461E-002  -1.2156561808365416E-002  -1.2495263396756440E-002  -1.3363337624485523E-002  -1.4441726021355680E-002  -1.5164750753147816E-002  -1.5085995094601311E-002  -1.3822895860947761E-002  -1.1344419650218544E-002  -8.3847089539401815E-003  -6.6080386176676983E-003  -6.9865733085543325E-003  -8.7855319005379507E-003  -1.0958100691431978E-002  -1.2686845882988877E-002  -1.3654760191636370E-002  -1.3948730990991295E-002  -1.3855983535508570E-002  -1.3646638861217442E-002  -1.3373375959665973E-002  -1.2839019547314798E-002  -1.1625766627590491E-002  -9.4623048270829277E-003  -6.1823868328478070E-003  -1.9745877201359234E-003   2.2217870971019396E-003   4.6553616550107733E-003   4.3569239446743921E-003   2.0409480905282051E-003  -1.1952654662437583E-003  -4.3866228866863716E-003  -6.9949311179240961E-003  -8.8625292366106660E-003  -1.0060666402248003E-002  -1.0706418337810922E-002  -1.0781105778810383E-002  -1.0104579281463565E-002  -8.3646688057807898E-003  -5.4630474949060159E-003  -1.4461849952395827E-003   3.2899884130641230E-003   7.6475954690841900E-003   9.7709292057115513E-003   8.6044928077438979E-003   4.8032004732878166E-003  -5.1620986962064622E-004  -6.2767218505927454E-003  -1.1755606754837921E-002  -1.6587241345139059E-002  -2.0676071574553145E-002  -2.4049321850150421E-002  -2.6705187944890199E-002  -2.8499582447261175E-002  -2.9185090352550163E-002  -2.8477375127086344E-002  -2.6386001042784022E-002  -2.3128771609299627E-002  -1.9286185720599772E-002  -1.6186670107043912E-002  -1.5789852505544474E-002  -1.9094612219178717E-002  -2.5420886231523700E-002  -3.3580844615412095E-002  -4.2350582863355704E-002  -5.0795744377185627E-002  -5.8300705858434054E-002  -6.4511079209087163E-002  -6.9225772920279816E-002  -7.2262920713301801E-002  -7.3446748605466974E-002  -7.2626136900131144E-002  -6.9956083769829994E-002  -6.5776817446678140E-002  -6.0743814065363895E-002  -5.6206351238613284E-002  -5.4128870858226798E-002  -5.5556588242695527E-002  -5.9896258356482525E-002  -6.6040611507745803E-002  -7.2796716207133086E-002  -7.9184246080064510E-002  -8.4479939906841092E-002  -8.8203772983700898E-002  -9.0058792132965193E-002  -8.9829759965789277E-002  -8.7374252478380959E-002  -8.2612941706323745E-002  -7.5746165306562821E-002  -6.7085499269260107E-002  -5.7185664679147201E-002  -4.7301645601645487E-002  -3.9320760326482851E-002  -3.4248143144067274E-002  -3.1575271527663318E-002  -3.0380962722026107E-002  -2.9677957781422015E-002  -2.8622003179009883E-002  -2.6528750832431197E-002  -2.2903612791066626E-002  -1.7430201468201838E-002  -9.9172056243553314E-003  -2.3187466676009304E-004   1.1670855151877477E-002   2.5775672005014051E-002   4.1878233960387333E-002   5.9871019144850823E-002   7.9563715293829732E-002   9.9923826256461096E-002  0.11910005158363222       0.13617405483068051       0.15166255983407373       0.16618358917717652       0.18028197103947566       0.19441971018654278       0.20902086650862672       0.22437708041097484       0.24059078768563250       0.25750004534700793       0.27477854778816346       0.29178233761676203       0.30842573737219831       0.32513843480067139       0.34152002642314122       0.35547196653786634       0.36600548592739046       0.37334058711565588       0.37648316694493794       0.37405581154860013       0.36506272088266667       0.34850625431659099       0.32329887186574752       0.28810559157264665       0.24325675237130912       0.18772446852259531       0.12089948265539927        4.6704934742586489E-002   1.2221335055086440E-012
   3.7683240745201428E-005   7.3612936842843812E-002  0.17476969041442866       0.26388505327460499       0.34125332245615669       0.40734432001975651       0.46274536306532460       0.50818615669442635       0.54449144371632774       0.57256728150455671       0.59335953576159506       0.60782917161059891       0.61692378037115891       0.62154981051290648       0.62256422590994498       0.62072726100366982       0.61673146918690902       0.61113510355556511       0.60438827083941493       0.59676426337529320       0.58837157575362620       0.57920729908910362       0.56901827530518090       0.55723576142669651       0.54369104924096223       0.52758526061880717       0.50837857908959239       0.48450000682793953       0.45567935474195076       0.42055724376135767       0.37790370729555023       0.33396330960025827       0.29086889683068951       0.24540173283306665       0.19470803444809084        9.7070417698318867E-002   3.4706018155992537E-002   1.1740037301642777E-002   4.5124833094258313E-002   6.5894324037940419E-002   8.5425363310249983E-002   8.8859614902091502E-002   8.3755501122297030E-002   7.2077142228018712E-002   5.5335277655496250E-002   3.7395416593363547E-002   1.6745432032772182E-002  -2.6766687661209437E-003  -1.7732592161061701E-002  -3.1353385600152432E-002  -4.1871209576318763E-002  -4.8498313148852827E-002  -5.5508518332908319E-002  -6.0616397980507740E-002  -6.2471799401801503E-002  -6.0230601711126458E-002  -5.3745591748959140E-002  -4.5862098017080355E-002  -3.7292485294723281E-002  -3.1210224796464407E-002  -2.9265914741379080E-002  -3.0168304510687624E-002  -3.2025012278120900E-002  -3.3559642802090790E-002  -3.4326843733455820E-002  -3.4543363819586899E-002  -3.4717647009533448E-002  -3.5338189018847818E-002  -3.6596504878186317E-002  -3.8318050140404167E-002  -3.9948931745798867E-002  -4.0944281377065420E-002  -4.0743200079268543E-002  -3.9132853250131938E-002  -3.6739293971031317E-002  -3.5216494823997441E-002  -3.5520743552849447E-002  -3.6851231028507014E-002  -3.8153582380097251E-002  -3.8699791197647347E-002  -3.8352342151315881E-002  -3.7414602078347951E-002  -3.6369266039487431E-002  -3.5626565642245610E-002  -3.5309272122928510E-002  -3.5217289486958701E-002  -3.4841566886819539E-002  -3.3752176318313273E-002  -3.1554125963381134E-002  -2.8197759915510868E-002  -2.4349433196619797E-002  -2.1675641824981180E-002  -2.1228010179286563E-002  -2.2255808593946904E-002  -2.3649119248302108E-002  -2.4523228610806944E-002  -2.4523375669219930E-002  -2.3746882641368174E-002  -2.2548457103912869E-002  -2.1313739548209289E-002  -2.0272868638164070E-002  -1.9372346912094478E-002  -1.8304861492929227E-002  -1.6557756561082913E-002  -1.3795969033009109E-002  -9.8114218902034343E-003  -4.7893112480988037E-003   3.1722627340821408E-004   3.6568018030077149E-003   4.1360026805811337E-003   2.4765370691135404E-003  -1.5914483711732433E-004  -2.7338484937782809E-003  -4.6641074732025004E-003  -5.7835794313439003E-003  -6.1788605488241957E-003  -5.9880625227489055E-003  -5.2036326213447375E-003  -3.6410276740389625E-003  -9.7065120556374311E-004   2.9160510226049680E-003   7.9625893692056113E-003   1.3732190468880204E-002   1.9053025946675111E-002   2.1984700572605903E-002   2.1436284133380262E-002   1.8103490052147838E-002   1.3189578290074361E-002   7.8737711850072126E-003   2.9674287922385584E-003  -1.0977862881022516E-003  -4.1639040352882085E-003  -6.1895705069664689E-003  -7.0792842339145960E-003  -6.6596447548428403E-003  -4.7044456587771203E-003  -1.2676760053031133E-003   3.4092614400559208E-003   8.7265707510962090E-003   1.3402873231342736E-002   1.5431347265542131E-002   1.3648421699447433E-002   8.6733067252862169E-003   1.6854471792020860E-003  -6.0776319512409168E-003  -1.3664042312548624E-002  -2.0454765303896515E-002  -2.6119437890615761E-002  -3.0501128381446356E-002  -3.3484413791087263E-002  -3.4890794402713823E-002  -3.4514589618713620E-002  -3.2173337006197941E-002  -2.8010427012840833E-002  -2.2377182107977397E-002  -1.5963013841602102E-002  -1.0177592054214927E-002  -7.0495685390339763E-003  -7.6432147926277366E-003  -1.1325705487730294E-002  -1.6915543160689658E-002  -2.3135495264516925E-002  -2.8938725037181014E-002  -3.3563908995106202E-002  -3.6517599399031972E-002  -3.7503212945043905E-002  -3.6309307860765055E-002  -3.2797799848278103E-002  -2.6896401543366324E-002  -1.8828783456769759E-002  -8.9425912475517965E-003   2.1657451678675933E-003   1.3222127849840256E-002   2.2299638862870147E-002   2.8333666698436521E-002   3.1821703950719427E-002   3.3704175426300012E-002   3.5001665964772048E-002   3.6584339136649498E-002   3.9137542158848189E-002   4.3139411035837488E-002   4.8874178146398037E-002   5.6502134420759860E-002   6.6063351381570184E-002   7.7519619765329270E-002   9.0634008617169040E-002  0.10524693076536860       0.12114202914790680       0.13739641477424869       0.15233809140210369       0.16508060680473605       0.17603658615627371       0.18572586222691737       0.19464071705340213       0.20325584503142916       0.21204840315711967       0.22140216274625543       0.23154432745439113       0.24255670829659612       0.25441788558795025       0.26696715934693166       0.27995338214857102       0.29299967090276346       0.30624853720980372       0.32028236355317830       0.33490639526583221       0.34875064548428353       0.36144724057740490       0.37343971228983458       0.38429371838127180       0.39335619970786212       0.40036679722413726       0.40535171167714790       0.40832001348768127       0.40908979728263045       0.40719140758848033       0.40193182931778926       0.39227063825663144       0.37743685646656522       0.35969379534340340       0.34139675441841300       0.32378824838829773       0.30898256794757978       0.29744451995383225       0.28409867351210233       0.26517932908937708       0.23989532863649909       0.20785648360626785       0.16890004631372296       0.12242583546152665        7.5006319179746886E-002   3.4288807236480499E-002   1.8169934184508848E-002  -2.8525588902267276E-002  -7.2226669090091546E-012
   5.5018735674422572E-005   6.7520381336429777E-002  0.16048716161594950       0.24284521775933479       0.31486045374932975       0.37697033889343518       0.42969936600419034       0.47368859179764433       0.50966004146917199       0.53840706507713909       0.56076431819746053       0.57758541141487296       0.58971852454001084       0.59797799688030351       0.60313358136655792       0.60587793472916285       0.60682385571570607       0.60646996124297081       0.60519220400254237       0.60326233659097672       0.60076343903075424       0.59755077529185030       0.59345178923054565       0.58806824793457091       0.58089042705398775       0.57125607272198453       0.55850308419304417       0.54178482560846697       0.52003956302456034       0.49401761256144383       0.46210641236845795       0.42762855736029359       0.38996006669215794       0.35148816001396044       0.29675266282982010       0.21712356170311173       0.14246233538903183        9.6645666356008797E-002   2.8740587912717056E-002  0.10266615407578826       0.12112071544690302       0.13179552255573201       0.13950775631784354       0.13887122498764456       0.13100304252843889       0.11826291309164426        9.9572445735784554E-002   7.9175179672100776E-002   6.0595477507764457E-002   4.1373476885963746E-002   2.3667085556235957E-002   8.9024910867453698E-003  -6.3881440275586291E-003  -1.9070691602568680E-002  -2.7053658162909468E-002  -2.9017820672097672E-002  -2.4712983182305172E-002  -1.7265660568006928E-002  -7.9465883942594073E-003  -5.7494796570241498E-004   2.6421145927191855E-003   2.6400952284960015E-003   1.1908547729718856E-003  -3.6013693901315797E-004  -1.4023492270357021E-003  -1.9778233830865296E-003  -2.4550860620241146E-003  -3.2219415016098985E-003  -4.3972046413822590E-003  -5.7571244961465620E-003  -6.7339535957057911E-003  -6.8269300512619722E-003  -5.5925301732021775E-003  -2.9952624284902982E-003   1.4110248018737133E-004   1.9878785929444858E-003   1.4785508533042857E-003  -5.8867728857592348E-004  -3.0392235129122484E-003  -4.9350779875758817E-003  -5.9020474632882312E-003  -6.0372210618318259E-003  -5.6756747962983019E-003  -5.1409232537406192E-003  -4.5225606033178160E-003  -3.6378835241952750E-003  -2.0518836948649369E-003   5.2578888922944704E-004   4.2867973445211817E-003   9.0388794709483963E-003   1.3874138550180975E-002   1.6917454247338939E-002   1.6973746477853775E-002   1.4759744870261221E-002   1.1483915475539059E-002   8.2379732359637251E-003   5.6336358626731366E-003   3.8206454682997212E-003   2.6444979348883655E-003   1.8603711775674408E-003   1.3198107536645451E-003   1.1009316210263355E-003   1.4773996782158128E-003   2.8651534302179954E-003   5.4368785035367765E-003   9.1824069912055765E-003   1.3673359115873845E-002   1.7727535548376402E-002   1.9305789376760155E-002   1.7193018454330900E-002   1.2095495372395206E-002   5.2916854917917497E-003  -1.9502349532072956E-003  -8.7526837203260287E-003  -1.4653648389665170E-002  -1.9491007251722606E-002  -2.3229512211056982E-002  -2.5776320495106864E-002  -2.6952538697370357E-002  -2.6520407133766497E-002  -2.4534757636306380E-002  -2.1260261008971458E-002  -1.7348631929359062E-002  -1.4161231502905058E-002  -1.3791096637836312E-002  -1.7436594925181285E-002  -2.4434318030573849E-002  -3.3511412981748492E-002  -4.3318829871121539E-002  -5.2807993968349794E-002  -6.1292221064484294E-002  -6.8388269568460169E-002  -7.3893721239536372E-002  -7.7634807624201774E-002  -7.9445294298780222E-002  -7.9177933538491035E-002  -7.7008527635905544E-002  -7.3307638929176924E-002  -6.8782482496043698E-002  -6.4794639757238690E-002  -6.3421090545379658E-002  -6.5898821623665685E-002  -7.1670391534566155E-002  -7.9578276339582033E-002  -8.8341227770428299E-002  -9.6893197327154623E-002 -0.10445342277371689      -0.11052177177245882      -0.11480394672208695      -0.11710995486168672      -0.11726445639026985      -0.11513786327750151      -0.11066594651323396      -0.10409697570332535       -9.5816845493189279E-002  -8.6465769903463843E-002  -7.7368346996869813E-002  -7.0498554728750940E-002  -6.6934226291476454E-002  -6.6147145753242043E-002  -6.7136945312731164E-002  -6.8809487562873403E-002  -7.0231784630892607E-002  -7.0677430325725210E-002  -6.9647799352132014E-002  -6.6851064810355840E-002  -6.2124509785052184E-002  -5.5429951345103375E-002  -4.6816814764471859E-002  -3.6558724985129624E-002  -2.4869197199435790E-002  -1.2008196233882383E-002   1.1161082436155368E-003   1.2841879101892535E-002   2.2240351821962618E-002   2.9690432073675995E-002   3.5695423394742444E-002   4.0748658127887034E-002   4.5324830524150261E-002   4.9883193565630944E-002   5.4776110043153595E-002   6.0186154311780454E-002   6.6154384951247355E-002   7.2566942586318961E-002   7.9214107890176452E-002   8.5748369486863360E-002   9.2293102349022355E-002   9.9415974555048928E-002  0.10707981999727699       0.11418636924225217       0.12044584704879283       0.12623521582610273       0.13111703353843096       0.13450227243522450       0.13624682344307656       0.13653664862261294       0.13559377143426385       0.13351191841274279       0.13024865063702712       0.12564312090872018       0.11936854026246578       0.11094638331836704        9.9740537827112466E-002   8.5585976318611118E-002   7.0711437442324471E-002   5.6730332562528310E-002   4.3920491125562157E-002   3.3867601646585185E-002   2.7283161488597177E-002   2.0592024349320535E-002   1.1050969671775433E-002  -1.9607087225071841E-003  -1.8574517371675467E-002  -3.8824884839429315E-002  -6.3003858543121335E-002  -9.1655933459355216E-002 -0.12552482016221231      -0.16565203130241457      -0.21289736884864094      -0.27092098777795276      -0.32724360196629559      -0.37252126753581677      -0.38874429166286567      -0.38366756286196063      -0.37462146470690139      -0.36649426619345488      -0.35746247406732379      -0.34505699633350495      -0.32960108506372143      -0.31089626527216652      -0.28912831510787779      -0.22017773003159363       -7.6562410280844831E-002  0.23486519091228755       -6.4233063312786324E-012
   3.2990858821910053E-005   6.1220386316856647E-002  0.14575396927580847       0.22102345751043848       0.28730596406909181       0.34501859379381666       0.39463670647245380       0.43672920101763973       0.47192930358272051       0.50092816161199627       0.52445283416839816       0.54324661751088010       0.55804937408462607       0.56957539215850161       0.57849948898608317       0.58542940318325787       0.59089443075583659       0.59533580235563111       0.59907436533969682       0.60228626989496137       0.60505714292833401       0.60729501032298838       0.60877462269140104       0.60915848571804121       0.60801901489680021       0.60477153589520860       0.59859039585157325       0.58916280800958687       0.57561370971927417       0.55801684777593530       0.53587138110843413       0.51108358969722978       0.48233983423378007       0.44631418782770732       0.39792978386009792       0.34512125873953164       0.28489500572149895       0.22308766986986295       0.10926489675177108        3.8933424647898680E-002   8.7719844751568739E-003   4.1438235101512996E-002   6.1269579124334603E-002   8.1126569625848730E-002   8.7511634655104711E-002   8.6522180097210868E-002   7.6560546148741082E-002   6.1453884955602778E-002   4.5178136285484616E-002   2.5345049372614920E-002   4.3667363573292048E-003  -1.5693283699469231E-002  -3.7379985128586840E-002  -5.6523057413826697E-002  -7.0078939226783626E-002  -7.6037679717598325E-002  -7.3850347867489258E-002  -6.6762872576297122E-002  -5.6490497157276630E-002  -4.7437783085810897E-002  -4.2357974306412388E-002  -4.0697679510780640E-002  -4.0846460531224656E-002  -4.1422134510843547E-002  -4.1659098865989397E-002  -4.1412749288100799E-002  -4.0889580955886441E-002  -4.0361183426449891E-002  -3.9879207403270736E-002  -3.9204468311971316E-002  -3.7815240550863986E-002  -3.5330608552648822E-002  -3.1501381406673384E-002  -2.6534549278920867E-002  -2.1497575440799804E-002  -1.8420789498901118E-002  -1.8491973327265928E-002  -2.0912248167082363E-002  -2.4365615799495095E-002  -2.7660658309559865E-002  -3.0121439058049301E-002  -3.1560541451797840E-002  -3.2088866760506499E-002  -3.1884411540822076E-002  -3.0974159627611051E-002  -2.9195918438235262E-002  -2.6218051620151107E-002  -2.1931918643659301E-002  -1.6388868131460312E-002  -1.0050109333402264E-002  -4.0778474970261137E-003  -5.6099284977039886E-004  -8.4356243801196704E-004  -4.2516278948704989E-003  -9.4840825939686985E-003  -1.5234519047939141E-002  -2.0604962657493647E-002  -2.5148301579968221E-002  -2.8757315003545818E-002  -3.1477969216697911E-002  -3.3336081226357575E-002  -3.4212510544206924E-002  -3.3873843387178179E-002  -3.2019697841631431E-002  -2.8654477871181909E-002  -2.4002356490458319E-002  -1.8707202031902119E-002  -1.4137801668620843E-002  -1.2482061453552580E-002  -1.5058844213633130E-002  -2.1189908835430454E-002  -2.9518839216241682E-002  -3.8593341770294783E-002  -4.7279212918707819E-002  -5.4837536563232661E-002  -6.0859837212517871E-002  -6.5132819329231803E-002  -6.7475257726294119E-002  -6.7713738472969673E-002  -6.5695942203681731E-002  -6.1610901471543397E-002  -5.5865898727220697E-002  -4.9229041154267690E-002  -4.3142996335840386E-002  -3.9767750850730685E-002  -4.0373785703153753E-002  -4.4363726779515361E-002  -5.0494153437069755E-002  -5.7380508130240399E-002  -6.3869344335685418E-002  -6.9125735849868308E-002  -7.2618085943296787E-002  -7.4037368964902470E-002  -7.3172180760648284E-002  -6.9892799446372014E-002  -6.4138650492644653E-002  -5.6169810853912892E-002  -4.6378496368688529E-002  -3.5409106265885761E-002  -2.4516310091450128E-002  -1.5697091155739262E-002  -1.0186785642705146E-002  -7.5339680694337914E-003  -6.7721750176323965E-003  -6.8111399863651778E-003  -6.6968641480356647E-003  -5.6678671709736138E-003  -3.1889174295991812E-003   1.0700926870158159E-003   7.2939151116948805E-003   1.5589727582024220E-002   2.5957997004915665E-002   3.8306976138388370E-002   5.2302050577999554E-002   6.7661103573267767E-002   8.4075479220657626E-002  0.10062289870417636       0.11564737817287622       0.12822600106021376       0.13874425193293063       0.14772717991766698       0.15571004950336961       0.16321157413704299       0.17072659883071481       0.17863090764226067       0.18712153485716809       0.19624984973407619       0.20590821346307100       0.21588158014804965       0.22577677704144425       0.23563353566032583       0.24596228635862211       0.25682339206864602       0.26727240702925814       0.27703029004919916       0.28639300807582191       0.29485587587391587       0.30179555002698855       0.30704649000355211       0.31077326707348407       0.31317207485319631       0.31430496698793187       0.31409619855083726       0.31230199566501199       0.30854359108553076       0.30228066068427190       0.29336832386957734       0.28390794685243009       0.27564021628762592       0.26917980909294070       0.26613436877142965       0.26707271335739174       0.26858449426883108       0.26810416142087806       0.26512708238091076       0.25968242886043547       0.25193215058155133       0.24182775447805999       0.22927099883056953       0.21406322611614290       0.19586451031533203       0.17413293808972322       0.14812288616102967       0.11733583642391716        8.0701523536968023E-002   4.7239991394140306E-002   2.0230087138902834E-002   1.2470367694441103E-002   1.9475441703864210E-002   2.8017209661431185E-002   3.4286115249171863E-002   3.8909001302940144E-002   4.2074711731970089E-002   4.4048140012866298E-002   4.4419853246726079E-002   4.3263642122498558E-002   3.9488587244508683E-002   3.3639448935409794E-002   2.6375168487449981E-002   2.3000391452966812E-002  -4.7615416625519297E-002  -3.0797117722600000E-002  -8.5051031653214509E-003  -5.3638065587985322E-003  -6.6864208000572897E-003  -9.0176761642173468E-003  -9.5083887660753364E-003  -1.3324438054673210E-002  -1.3136700796782141E-002  -1.5881125096471126E-002  -5.3152795910270899E-004  -6.1426702584764653E-002  -6.2179296321945861E-002 -0.25319030746662508        8.1712414612507434E-014
  -3.3523241409053825E-006   5.4742826634851520E-002  0.13058315989072367       0.19843174958718951       0.25858187492489670       0.31142648561200958       0.35739192501359063       0.39698226594210495       0.43075448629244806       0.45931585832649946       0.48330742780177832       0.50338694592575250       0.52021333021519223       0.53442292795534507       0.54661554478219476       0.55733454945283911       0.56704991558788931       0.57613414888986914       0.58487225350057481       0.59340900624465009       0.60177066658798506       0.60984869064479508       0.61741740566504189       0.62410343127471446       0.62939605250940389       0.63282122602386526       0.63375870728160355       0.63167580886331043       0.62597852294759437       0.61645290564589350       0.60335524799356577       0.58566132620528744       0.56271069292938880       0.53345285751802807       0.49627489020419779       0.45178548217709508       0.40352043775915714       0.33753931863359293       0.24576858489904077       0.16006597116596627       0.10857802873924030        2.8019685401463271E-002  0.11008691187898359       0.13800230373165950       0.15934453111339808       0.17537474545732470       0.17637953057097769       0.17065800376111240       0.16135989079742397       0.14499630394895330       0.12399882461191038       0.10088428142269880        7.4018094606361176E-002   4.8600806756658406E-002   2.8690960175580735E-002   1.7115176485661188E-002   1.4889764771187045E-002   1.8840056168890458E-002   2.6993730450071481E-002   3.4519624270295077E-002   3.8228186231719807E-002   3.8349119346003699E-002   3.6353240301837980E-002   3.3666570902897347E-002   3.1219954307382048E-002   2.9363709849845942E-002   2.8075072508512659E-002   2.7210226022960710E-002   2.6774427364737761E-002   2.6985663127753370E-002   2.8261656220839110E-002   3.0797396959340150E-002   3.4589331599008878E-002   3.9149039038722286E-002   4.3147433556220985E-002   4.4347729047134764E-002   4.1438007647537495E-002   3.5213332469870642E-002   2.7130063748551606E-002   1.8644854944188983E-002   1.0766787022068729E-002   4.0170992506980913E-003  -1.4338950039629119E-003  -5.5678241789578978E-003  -8.3153959488197465E-003  -9.5212381964806803E-003  -8.9561381967992112E-003  -6.6903585371196365E-003  -2.9992386371962975E-003   1.4280822940772211E-003   5.2293687591546730E-003   6.1502624419829443E-003   2.7204330552152043E-003  -4.4395126183237885E-003  -1.3972396203850553E-002  -2.4400843010897427E-002  -3.4571675121408602E-002  -4.3748747780015314E-002  -5.1551743199799209E-002  -5.7808305608535587E-002  -6.2406762399701471E-002  -6.5184264880944837E-002  -6.5955525203700918E-002  -6.4541887924453797E-002  -6.1109344662284348E-002  -5.6041849827342866E-002  -5.0105417416686657E-002  -4.4746331637746793E-002  -4.2212934510302398E-002  -4.3894839744180000E-002  -4.9183552572766624E-002  -5.6755770686043212E-002  -6.5122620254374791E-002  -7.3037781969140639E-002  -7.9602161433430227E-002  -8.4245479518160943E-002  -8.6636654903644542E-002  -8.6551304909565654E-002  -8.3854816044542604E-002  -7.8492033528497346E-002  -7.0752521312577643E-002  -6.1080514496026340E-002  -5.0185384823605732E-002  -3.9391386957091289E-002  -3.0762774250294795E-002  -2.5567215705236575E-002  -2.3331241046444597E-002  -2.3030462816451401E-002  -2.3500440189522857E-002  -2.3726857567070141E-002  -2.2920470551899760E-002  -2.0543612147264946E-002  -1.6284705646642902E-002  -9.9724020205250504E-003  -1.5712472507533261E-003   8.8538361597451549E-003   2.0973830298087477E-002   3.4505566450421583E-002   4.9149008245843978E-002   6.4095556055828576E-002   7.7728309294630094E-002   8.9003976826175613E-002   9.8231352023712887E-002  0.10588643124784725       0.11248517761934558       0.11855932657810261       0.12464279006360286       0.13116418793483878       0.13838448892585856       0.14640785304996853       0.15522442076206269       0.16467503468064684       0.17448331284804014       0.18416527761067880       0.19365202126714259       0.20339486121381734       0.21353067192298719       0.22326042236813617       0.23234390891322970       0.24100511086236190       0.24867786151349067       0.25471891557537063       0.25896985028559122       0.26161577133612346       0.26287296260421172       0.26281824956348349       0.26138802726679372       0.25835195397393701       0.25333940526228843       0.24577921723431959       0.23537841587501046       0.22406946162725616       0.21382757281038578       0.20580699071058239       0.20169366422434556       0.20179883310817673       0.20254943051099916       0.20131311021414836       0.19751517806383684       0.19118652699618749       0.18246818609627274       0.17130524558457047       0.15758317438137540       0.14100724684859006       0.12116553714414331        9.7418945432409698E-002   6.9352277532418238E-002   3.5707613117448155E-002   5.0908323430631473E-003  -1.8690058711513732E-002  -2.3561450434702976E-002  -1.4155309276202429E-002  -3.0032700485922675E-003   6.1811488581581097E-003   1.3945442143786563E-002   2.0511167223047664E-002   2.6078232400780714E-002   3.0319706947626927E-002   3.3240664311948061E-002   3.4619757303133540E-002   3.4552966951543182E-002   3.2213729177649121E-002   2.7693636769348596E-002   2.1170995247944170E-002   1.6225198448368172E-002  -3.2878295443096825E-002  -2.0849784675390136E-002  -3.2230944453676491E-003  -7.8762470695608428E-004  -1.0562960983536188E-003  -1.9888366096113665E-003  -1.3709981895088977E-003  -1.2008225093238932E-003  -1.1106518937280066E-003  -1.0843635147810473E-003  -1.0925933033963035E-003   2.8526110327766439E-004  -1.0884865907681898E-003  -4.2578497506501820E-003  -2.3517315831763037E-002  -5.0697495504023526E-002  -5.1335519750740466E-002  -4.4963470936557996E-002  -3.6805458389562971E-002  -3.9426722194274039E-002  -4.3446314215142751E-002  -4.9656101442794739E-002  -5.9186301589266202E-002  -6.9478255837064670E-002  -8.6583717734896495E-002 -0.10340954395266544      -0.19468914409803290      -0.25671492426772763      -0.26287480342350006        4.6185277824460742E-014
   5.4516011391959808E-007   4.8149385213183557E-002  0.11498303386438584       0.17511992005485955       0.22882536756611854       0.27646389215750761       0.31842199697329693       0.35514548441193533       0.38712054293859161       0.41487562270413875       0.43896735939008036       0.45996657806774993       0.47844582442651029       0.49495969403312268       0.51003145889882451       0.52413007081628904       0.53766481259139620       0.55095145805085166       0.56421783339935572       0.57757625318039763       0.59103102136006558       0.60445905829267144       0.61762365986473888       0.63019139793050460       0.64172454042735116       0.65169520739094633       0.65957494001223282       0.66480141424231953       0.66707173977362333       0.66571017545898370       0.66053974381948088       0.65111895671967945       0.63638612257430038       0.61532933181844685       0.58877239538271364       0.55300830852364702       0.50858243909996048       0.44998290580310285       0.38706765367578755       0.31701373598280247       0.24659765976104867       0.12313089161658565        4.4739849494684236E-002   3.4146094308018043E-002  0.10837469870097097       0.12697223826167484       0.13789682481963497       0.14703195936611221       0.14964541011876292       0.14219914163955377       0.12611186205103345       0.10465492365421576        7.6747122288305658E-002   4.8323035570144925E-002   2.4328909373072641E-002   8.3851232434741744E-003   2.0638187978836249E-003   2.4437774671699354E-003   7.5360525970207537E-003   1.2332236515422732E-002   1.3415002594738963E-002   1.0832893408308061E-002   5.9976334369934558E-003   4.1963580249036378E-004  -4.7802749019741839E-003  -9.0231097090519921E-003  -1.2126319572915233E-002  -1.4094019927843772E-002  -1.4870506378008018E-002  -1.4285887951063173E-002  -1.2065888284839871E-002  -8.2375002188641386E-003  -3.0730532821936773E-003   2.6690207599765290E-003   7.4292023663819302E-003   8.7947633705289050E-003   5.3373130524142186E-003  -2.1787803215102025E-003  -1.2211727403155579E-002  -2.3102681369445054E-002  -3.3559342937563803E-002  -4.2752680818173877E-002  -5.0235853544915790E-002  -5.5788001880518516E-002  -5.9236818623775007E-002  -6.0429258520966499E-002  -5.9228273611946693E-002  -5.5849962345557363E-002  -5.0721402905329761E-002  -4.4647314827877982E-002  -3.9059951352523492E-002  -3.6269860226094824E-002  -3.7822851633731558E-002  -4.3181828045430103E-002  -5.1037820011970693E-002  -5.9884894646018372E-002  -6.8453004733036463E-002  -7.5825363646198116E-002  -8.1423158294768941E-002  -8.4906195819970831E-002  -8.6063866193727134E-002  -8.4724075290263462E-002  -8.0780600035035732E-002  -7.4192226358862648E-002  -6.5261129389096104E-002  -5.4433320862719563E-002  -4.2423218505030107E-002  -3.0545698152066810E-002  -2.0933548914201097E-002  -1.4966752497453269E-002  -1.2173459245060541E-002  -1.1471943558555148E-002  -1.1614204849562514E-002  -1.1505606874748124E-002  -1.0296346274009827E-002  -7.4079394239979918E-003  -2.5033740235225711E-003   4.6025206870821600E-003   1.3946031070230519E-002   2.5446006801832823E-002   3.8726477345637562E-002   5.3436009764430609E-002   6.9214913555360552E-002   8.5227547186559949E-002   9.9844815349572902E-002  0.11200841711299254       0.12201885197157647       0.13036016820294094       0.13757488154415304       0.14421661963354498       0.15081835874485389       0.15778679521101713       0.16534045837509684       0.17354640346141745       0.18230463198770691       0.19139250404003039       0.20033836643262920       0.20904560724284937       0.21795017720408644       0.22736864892331671       0.23668134567138244       0.24560203293345617       0.25426348025512474       0.26202039085132856       0.26818044999865653       0.27257388761200890       0.27541267720897239       0.27696506313883168       0.27737305363981607       0.27663869262786367       0.27464668290584920       0.27112412210489040       0.26564435598641689       0.25755034023893331       0.24637339819871221       0.23390481799733981       0.22237290820763875       0.21348623840849731       0.20901580717359208       0.20897896723421194       0.20958087452873619       0.20809456163927056       0.20388747530917536       0.19701177833478123       0.18761942331423412       0.17566461917410098       0.16103478594314460       0.14344682484073462       0.12251268461056571        9.7593947803069958E-002   6.8205440238627638E-002   3.2369566103060278E-002  -1.0144420162453689E-003  -2.6374252557040262E-002  -3.1512715772502045E-002  -2.2038126812678849E-002  -1.0575594121394232E-002  -1.1032430426137425E-003   6.8375276744442673E-003   1.3557960063671961E-002   1.9173017992448502E-002   2.3437409513995925E-002   2.6218260212487212E-002   2.7473639635840420E-002   2.6540444816625562E-002   2.3490731956359288E-002   1.8514171145417129E-002   1.4854299718534282E-002  -3.0586874503902430E-002  -1.8955496069144141E-002  -2.4460414234884599E-003  -2.9467673003813947E-005  -2.8067954624468689E-004  -1.0561012342637510E-003  -3.8936866574820999E-004  -1.3516375599832334E-004   1.3378310687141276E-004   1.8387471518667515E-004   2.9091287875742793E-004   4.6362312825967060E-004   6.7321035478399346E-004   1.8494498478244326E-003   1.5281142356229206E-003  -7.1778328174146322E-004  -1.0991512112611106E-002  -2.3916136053567193E-002  -2.4051761444626823E-002  -2.0877830823111666E-002  -1.3643585027521140E-002  -1.3536911096482515E-002  -1.3187757628638759E-002  -1.3525875142442037E-002  -1.3818864699812954E-002  -1.5002849402917901E-002  -1.6600451157589645E-002  -1.9421112068478432E-002  -2.3036878367538746E-002  -3.1842135931296096E-002  -3.9783090859276941E-002  -6.7716710829210713E-002 -0.10179544857423765      -0.11008038303439616       -9.0580616003235345E-002  -8.4576701589661601E-002  -8.5377562538308430E-002  -9.2091874541446503E-002 -0.10408475952959044      -0.12103115945964417      -0.14230303674918587      -0.17737909011964895      -0.22330363993110544      -0.29801378996154154      -0.33692360672793648      -0.18313071950039073        1.8118839761903830E-013
   1.8859546853978912E-007   4.1348884839093658E-002   9.8939661570876025E-002  0.15106503313028530       0.19797829634321648       0.24001793213539638       0.27752038411069968       0.31087650730279048       0.34050999162298773       0.36688199559388535       0.39048050787583394       0.41180918715200604       0.43137536251049519       0.44967118901876046       0.46716313228869288       0.48426671208520300       0.50134020357410014       0.51865791839945286       0.53640572821010235       0.55466110520203227       0.57339231124305268       0.59244640780044089       0.61156095561438439       0.63035564340609007       0.64839008580437407       0.66513702569936006       0.68008632524841373       0.69261286417564150       0.70226157565564207       0.70860246238906943       0.71090803145043280       0.70859795938586823       0.70121555559114768       0.68791297621044178       0.66807192541040938       0.63977557309130639       0.60332066110162141       0.55721329181594281       0.50340058112903452       0.44613735140368654       0.36986678508419557       0.27009251831853626       0.17449158115285660       0.10130855232752026        4.2061246475513639E-002   5.6478982015150635E-003   3.7224397851097130E-002   5.5198208562942802E-002   7.2507146474646969E-002   7.2482446208183740E-002   6.2171518921914179E-002   4.4485379756119443E-002   1.7720954198520013E-002  -1.1826376354699521E-002  -3.8717342894205288E-002  -5.8715014538998946E-002  -6.9750239859017849E-002  -7.4359160333940133E-002  -7.4272637144025960E-002  -7.4359250535429688E-002  -7.7987476106480685E-002  -8.5101716722182835E-002  -9.4253348258752673E-002 -0.10381622420686978      -0.11247681587450729      -0.11942839395929446      -0.12428031891316024      -0.12689563075101776      -0.12717569900887071      -0.12501643443375829      -0.12030505058396083      -0.11328920614142794      -0.10446890945215612       -9.4787027465979876E-002  -8.5925290922028441E-002  -8.0383982529366141E-002  -7.9682686429501534E-002  -8.3150310510486380E-002  -8.9301552161892825E-002  -9.6456412614975603E-002 -0.10321384379678865      -0.10857691569300355      -0.11192267755187794      -0.11289750722952985      -0.11127573027644549      -0.10694136747201753       -9.9862328866157521E-002  -9.0369311954631534E-002  -7.8935326895384725E-002  -6.6293215917932413E-002  -5.3714113239365882E-002  -4.3363144087839547E-002  -3.6762460284560809E-002  -3.3517134362391322E-002  -3.2573852911758031E-002  -3.2677725831481270E-002  -3.2708656682195671E-002  -3.1781644293343188E-002  -2.9276084005950258E-002  -2.4799808733354581E-002  -1.8130772504143466E-002  -9.1539483487285567E-003   2.1089062724524879E-003   1.5526756995350992E-002   3.0671832272791834E-002   4.7157518618480471E-002   6.4613867377072670E-002   8.2254580504088584E-002   9.8440895386946711E-002  0.11202488426090546       0.12327714046357165       0.13268709385247235       0.14083055899539362       0.14830505156510554       0.15568419236004627       0.16340666013912813       0.17171271086370435       0.18068075782723553       0.19020935404424347       0.20005602832123634       0.20968783034820695       0.21891595659810667       0.22812199154840843       0.23769979123546559       0.24716908142839877       0.25627689066959353       0.26507867947018204       0.27285357022045942       0.27886951766307305       0.28293674939049424       0.28524757532466899       0.28603972868288624       0.28540948091735185       0.28331187496903892       0.27953841688713393       0.27373852164722834       0.26528891092277940       0.25360827257925223       0.24030361684277463       0.22785896507957382       0.21850849787896548       0.21412528790706908       0.21452188963732380       0.21577932776517034       0.21506909601735039       0.21169962151282487       0.20573474822121968       0.19736494816993361       0.18658473449754157       0.17332385433056818       0.15743362671562694       0.13863226848869573       0.11649420862638102        9.0337666249326681E-002   5.9573798844812641E-002   2.1555511503951168E-002  -1.4339257113866528E-002  -4.0700375444947146E-002  -4.5147192684667180E-002  -3.4507663501510320E-002  -2.1613823387662871E-002  -1.0784069757496705E-002  -1.5983711971480062E-003   6.3294977810706039E-003   1.3098710315078433E-002   1.8467662011088615E-002   2.2279522144315889E-002   2.4503361089970595E-002   2.4476771010676933E-002   2.2345828740546077E-002   1.8251774960727673E-002   1.5339583278170138E-002  -3.0815953999046332E-002  -1.8657154293925639E-002  -2.4649141653112802E-003   1.4947073879629318E-004  -2.7583516138394857E-004  -9.9870007413163046E-004  -3.3989507775372105E-004  -2.6593543913930549E-005   2.7009088496631920E-004   3.2137638771307308E-004   5.7122134934336957E-004   7.4820349946038453E-004   1.9202969756494195E-003   1.5640033377006884E-003  -3.6827644337422921E-004  -1.0410160153227006E-002  -2.3281132524137868E-002  -2.2436138363459830E-002  -1.7978994813023116E-002  -1.0504915238154871E-002  -9.7519901128446523E-003  -8.7929818067098587E-003  -8.3358745453169687E-003  -7.7190564318542782E-003  -7.6475786894042077E-003  -7.7515894184233347E-003  -8.3317793910046792E-003  -9.0852541636396722E-003  -1.0600349300416659E-002  -1.2656799227941974E-002  -1.7910466246489488E-002  -2.1302739328278229E-002  -3.6861536805852940E-002  -5.7897627954000282E-002  -5.8786038866817360E-002  -3.9452421829397656E-002  -3.0877068570100533E-002  -2.6023322767267695E-002  -2.3525658448477062E-002  -2.2990048861441809E-002  -2.3186109266992157E-002  -2.4351084992228666E-002  -2.6314034834194033E-002  -2.9762529774925682E-002  -3.4114993596436764E-002  -4.2608540489639565E-002  -5.6156584056581950E-002  -7.6613601274309565E-002  -9.6830044957927117E-002 -0.11443437023210293      -0.12314019675184418      -0.12911756374090388      -0.13526876551667313      -0.14850670791560414      -0.16646301040206382      -0.19073194573005151      -0.22069327273674971      -0.26151197091248907      -0.30957468158996360      -0.33938209535927044      -0.32524275171571077      -0.15586625289816211        1.8474111129784289E-013
   1.7591692455366945E-007   3.4408067953939775E-002   8.2520433057158088E-002  0.12639632696669378       0.16627540680730940       0.20245284588641302       0.23522227725384012       0.26491948457598813       0.29190651052738420       0.31657861132741189       0.33935538921840264       0.36067167597426347       0.38096794536591860       0.40067314030674817       0.42019429738411379       0.43989433355036600       0.46008183260835561       0.48099010995875102       0.50276697837261541       0.52545808463908561       0.54900726225429075       0.57324226919752719       0.59789273363991269       0.62258040242579182       0.64685229539025313       0.67017223445953844       0.69198964796915707       0.71175901106374173       0.72884094692961665       0.74268801962381925       0.75270393102699396       0.75830638950031370       0.75883005748253496       0.75337505992862364       0.74110571125751246       0.72124928314421111       0.69290124183848922       0.65758620369689114       0.61164922261745225       0.55691676040248017       0.48716507795416669       0.40966533741976902       0.32566305692520042       0.24165164860245411       0.16336198440259497       0.11045662894028821        2.7546827966972151E-002  0.10240435169144094       0.11439125716575975       0.11680523307340296       0.11469117850564306       0.10360596734384991        8.2210792537741009E-002   5.5685330583901835E-002   2.9926304867276994E-002   9.1794291567195568E-003  -4.2925323120556417E-003  -1.2551153730320605E-002  -1.6769036522856225E-002  -2.1303662584759412E-002  -2.9175703073137514E-002  -4.0161265459579737E-002  -5.2751017731774319E-002  -6.5265525671749855E-002  -7.6285424272186528E-002  -8.4847789296313203E-002  -9.0399796821212963E-002  -9.2690912881315993E-002  -9.1598947517609705E-002  -8.7101267940879329E-002  -7.9250010928318057E-002  -6.8479618674209486E-002  -5.5410701220024575E-002  -4.0976252176345519E-002  -2.6735041204799803E-002  -1.5061844838725948E-002  -7.4742896611528029E-003  -3.4794511380010712E-003  -1.8932495954459600E-003  -1.3324543303919593E-003  -5.8694679381961017E-004   1.2709656278945736E-003   4.8672792498236136E-003   1.0564056116262228E-002   1.8551667240527668E-002   2.8848301461692313E-002   4.1340759889686753E-002   5.5589313051462370E-002   7.1189568007973089E-002   8.7774548021644472E-002  0.10465500251616337       0.12022705597737492       0.13323653800765234       0.14387085604288444       0.15256732025843470       0.15988594822448901       0.16643731608933179       0.17283283066393298       0.17957026598315443       0.18697302079111056       0.19518906205462985       0.20422592871674328       0.21391298978950804       0.22393922121366341       0.23368317837430380       0.24286859763984500       0.25184745294303268       0.26115968384539684       0.27047869201602276       0.27952546134822431       0.28825845144652540       0.29586119370622072       0.30154569383946422       0.30510668378826661       0.30674727628534826       0.30672287676699406       0.30514259226563167       0.30196670980744283       0.29698529718469130       0.28983500195347617       0.27984196880973922       0.26627328738675332       0.25061613467922339       0.23562102429326712       0.22408571646061562       0.21799238446405786       0.21687571524607777       0.21657709346888077       0.21415782723997714       0.20884808023342619       0.20070928316787739       0.18990668295673332       0.17640490606764900       0.16010198929164088       0.14073363161920593       0.11797788288647991        9.1212149328707151E-002   5.9838734883954220E-002   2.0299652588104927E-002  -1.7963808167286113E-002  -4.5789608695072842E-002  -5.0559718546153612E-002  -3.9700930938539825E-002  -2.6179221782868727E-002  -1.4617140926305906E-002  -4.6357979584180989E-003   4.1445592376882614E-003   1.1866579458431410E-002   1.8208475493214700E-002   2.3131187774076304E-002   2.6434590239961170E-002   2.8192263981328129E-002   2.7661377133741238E-002   2.5059596387386328E-002   2.0417331491725525E-002   1.6814917241031908E-002  -3.1370465910533350E-002  -1.8534453100313784E-002  -2.5101269127582775E-003   3.2181035529721039E-004  -3.1375817588059852E-004  -1.0263733947659046E-003  -3.8518212545998303E-004  -4.8211802574621578E-005   2.3480553669733120E-004   2.6923147532150247E-004   4.9265347823647734E-004   6.1246123198877077E-004   1.7465601397987042E-003   1.1880250272916749E-003  -5.5258336617932313E-004  -1.1950710575377515E-002  -2.7692197654813119E-002  -2.5852838378846422E-002  -1.9228780137448560E-002  -1.1203892331968454E-002  -1.0130177975958436E-002  -9.0733872139585805E-003  -8.4505128603301928E-003  -7.7898169337634509E-003  -7.6203353362997881E-003  -7.8051961531376141E-003  -8.3263186099144688E-003  -9.4473285724218526E-003  -1.1105879519305932E-002  -1.5690511379949753E-002  -1.8664960593493412E-002  -3.2996444520588343E-002  -5.1951059484587642E-002  -5.1884532777357009E-002  -3.2843371633119171E-002  -2.3549564749782176E-002  -1.7778639548841409E-002  -1.4195355146918817E-002  -1.2273083136230715E-002  -1.0828671922929458E-002  -9.9698408886408144E-003  -9.5163045063903547E-003  -9.5179125001238502E-003  -9.7783682507982736E-003  -1.0705177295330407E-002  -1.1728955176375106E-002  -1.4717265045328993E-002  -2.0487586378184319E-002  -2.9726261360142357E-002  -3.8318028337690095E-002  -4.5502122863622131E-002  -4.6483795417078935E-002  -4.4297372920625841E-002  -4.0596795636410603E-002  -4.0161529178646238E-002  -4.0663620964307361E-002  -4.2655713154159995E-002  -4.5995406337718821E-002  -5.0951810827037244E-002  -5.8007760760790145E-002  -6.8026857939623417E-002  -8.1662329690054561E-002  -9.9746860949618030E-002 -0.12187619600100416      -0.14441565143407653      -0.15895191827349234      -0.16880733378704887      -0.17758382514841850      -0.18927918851212125      -0.20538972107626940      -0.22656156986155121      -0.25377082990165317      -0.28601279179719735      -0.32045294632708587      -0.35171224348444780      -0.34828597968409003      -0.29197086957155205      -0.14596544564586880        2.4513724383752224E-013
   1.9148732896807324E-007   2.7304862578988440E-002   6.5703391101329556E-002  0.10108650961898069       0.13365451089442848       0.16365683661459232       0.19133727507648940       0.21697422608489453       0.24087270340695599       0.26336945963237257       0.28482724766707812       0.30562698444107439       0.32615876128696253       0.34680611602232103       0.36793407877588274       0.38986969275396394       0.41288780020146865       0.43719060129640519       0.46289740756691650       0.49002478069501815       0.51848312015331754       0.54806698569252066       0.57846255756095022       0.60925141372325575       0.63993181033270941       0.66994198653601778       0.69865638577435518       0.72545726060757554       0.74968985477284888       0.77071226462921538       0.78786864751078178       0.80047065601664136       0.80788675404777921       0.80940978548364806       0.80408262852642154       0.79173219658265082       0.77142358971257496       0.74318338757265257       0.70500630490828076       0.65751558704214530       0.59984899855373564       0.53156106053046270       0.46178256721564243       0.39362915127701958       0.32518315152704835       0.25430071454965547       0.12221273544102877        4.3894350166267693E-002   3.9297297919590355E-003   3.0458574821136470E-002   4.1724318486059127E-002   5.3273480069305525E-002   4.9265170679439550E-002   4.0147963281448817E-002   3.0369709927716090E-002   2.2591637565313072E-002   1.8978340802741706E-002   1.7996986457759503E-002   1.9481476177079807E-002   2.0030032449460299E-002   1.7273079445210577E-002   1.1657123632301087E-002   4.5853308091664286E-003  -2.4748289076451466E-003  -8.2439668177799793E-003  -1.1778177422634366E-002  -1.2469224303863205E-002  -1.0013798051895817E-002  -4.2977510014984279E-003   4.6094863265668294E-003   1.6493480341689938E-002   3.0775068064576954E-002   4.6862955143129430E-002   6.4176747766599304E-002   8.1773351072278538E-002   9.7893296808299848E-002  0.11129942139398180       0.12222976974087336       0.13117675956301481       0.13875682415165511       0.14561527429013446       0.15236827619932700       0.15948949088644376       0.16724427360084035       0.17572244069104365       0.18481429693144827       0.19425253241342516       0.20341375678633639       0.21198752875815696       0.22032194260881735       0.22913737772219417       0.23829046304600637       0.24746927228486662       0.25652577554205841       0.26454911886104376       0.27069572607409298       0.27474334792014815       0.27691824456706660       0.27753319257542058       0.27678221137090586       0.27470725892172770       0.27121534772683992       0.26604262031013420       0.25876779771263464       0.24863272020277619       0.23470926955917523       0.21833067693391481       0.20257028185841860       0.19085423747891533       0.18529022835580686       0.18511968977309723       0.18588657949699283       0.18447093716501176       0.18000847944587714       0.17256467676000539       0.16230854413391432       0.14920669019050739       0.13315059742625096       0.11387179684202910        9.1051177698136559E-002   6.4044806631054066E-002   3.2178489720017328E-002  -8.7810336641711995E-003  -4.8875046477828712E-002  -7.7104353447255011E-002  -8.0542482820421077E-002  -6.7817307470526181E-002  -5.2165884505619500E-002  -3.8547591671279101E-002  -2.6645334798911548E-002  -1.5980306612745993E-002  -6.4749605866793822E-003   1.6199023113904116E-003   8.1256342636060481E-003   1.3013031003567078E-002   1.5647078183661463E-002   1.6351715842270950E-002   1.5268655169432445E-002   1.5441375396766155E-002  -3.1631467698122431E-002  -1.8420387018629376E-002  -2.5582970065841761E-003   4.0008084196597240E-004  -3.4656497887304826E-004  -1.0279319197174298E-003  -3.9771936761818220E-004  -4.9809729762239289E-005   2.0743841275175785E-004   2.7517347389787979E-004   3.3664319128922136E-004   4.8598079332050695E-004   5.6181060226979322E-004   1.6280001865320850E-003   8.9585869325230444E-004  -6.4587966286241982E-004  -1.3329258437331463E-002  -3.2132976158880243E-002  -2.9385854365232979E-002  -2.0601320620488712E-002  -1.1980114735913924E-002  -1.0661031713569006E-002  -9.5257666606254274E-003  -8.7811238641738853E-003  -8.0517273422892419E-003  -7.8101562111043939E-003  -7.9543170906841883E-003  -8.4110429284728651E-003  -9.4731861697603271E-003  -1.0981457288620117E-002  -1.5504800545834271E-002  -1.8786762200867460E-002  -3.3881003547685841E-002  -5.2759725549300918E-002  -5.3072496125936286E-002  -3.4118147550052581E-002  -2.4179949811459100E-002  -1.7962072971424461E-002  -1.4139100322369341E-002  -1.1966086526226412E-002  -1.0323329348408751E-002  -9.2374184022113014E-003  -8.6220012202658756E-003  -8.3785865339851880E-003  -8.7527104647005787E-003  -9.2585115349275316E-003  -1.1596296497752781E-002  -1.6491633064137819E-002  -2.4581440788957815E-002  -3.1768384566731436E-002  -3.7070206634602497E-002  -3.6115475352547728E-002  -3.2039248760415646E-002  -2.6475486894499644E-002  -2.3723716866674485E-002  -2.1582361701825530E-002  -2.0395242220858679E-002  -1.9835866256978127E-002  -1.9997634760448382E-002  -2.0852589987321528E-002  -2.2492745553745062E-002  -2.5143586352551279E-002  -2.9321379942159387E-002  -3.5105480970235213E-002  -4.3010875508680498E-002  -5.3014969442893196E-002  -6.2059641277666659E-002  -6.4476681002233346E-002  -6.2517382103514416E-002  -5.8858897933171561E-002  -5.6193099515135361E-002  -5.4858413248184704E-002  -5.5188502516217375E-002  -5.7437475135002941E-002  -6.1252820778258887E-002  -6.6985753651709806E-002  -7.4817984220449843E-002  -8.5250420496292487E-002  -9.9075707477022726E-002 -0.11620554862543316      -0.13487808624432443      -0.15614329738840696      -0.17590047307305673      -0.19568647234133379      -0.21416920054824096      -0.23300148274819074      -0.25420626395790985      -0.27857251915851522      -0.30577893052414029      -0.33456066030411807      -0.35772881919249783      -0.36710071528690530      -0.34537604400643679      -0.26982291152053506      -0.13156976647603785       -7.1054273576093449E-015
   1.7173312583875489E-007   2.0087788640562168E-002   4.8610728021972444E-002   7.5338205565328747E-002  0.10042889162378357       0.12407702119383152       0.14647068847722639       0.16783015455714240       0.18840091164715669       0.20845999588242226       0.22831230036935768       0.24828378696058037       0.26871358804470580       0.28994022890932675       0.31228858465233522       0.33605182875402340       0.36147590894894183       0.38873816573760328       0.41793439686328226       0.44905988897354721       0.48200238473199730       0.51653442747665035       0.55231395064996336       0.58889436065934109       0.62573332773422552       0.66222279021975239       0.69769625691748738       0.73146480147389736       0.76282481292993931       0.79106630033939129       0.81552419601833082       0.83550192864316419       0.85021270844571817       0.85905788140125772       0.86133154361626640       0.85646148634113628       0.84373112578783815       0.82265858376397150       0.79284566218476471       0.75342826478033764       0.70639769496671934       0.65016040153264498       0.59104121932314957       0.52897521326346952       0.46680755299715176       0.38575378147759520       0.27914653836416498       0.17917688534156614       0.11846242328585592        3.0836807451473897E-002  0.11678916078370662       0.14038106365802344       0.15992196079184723       0.18105546942444639       0.19819378696789372       0.21314773616673116       0.22665657045102042       0.23869527260578971       0.25074483257500663       0.26106231539988595       0.26833425140051881       0.27309083422271141       0.27610222246675703       0.27805012600377615       0.27964971911657166       0.28159112955878624       0.28441590039780412       0.28841484204025164       0.29366976361055619       0.30003232582613165       0.30716314390535548       0.31430354436717833       0.32095169411132013       0.32728540209271573       0.33394309024860780       0.34084402134839642       0.34777169216690029       0.35453356539631281       0.36014476419981428       0.36371423947703280       0.36499936647572934       0.36421413518482948       0.36164648908387642       0.35743719531660822       0.35156961575037399       0.34384980254063630       0.33392760951766154       0.32107341652071530       0.30425597234295187       0.28466780533945096       0.26567063907499572       0.25123697496051728       0.24358743443072586       0.24173507252932194       0.24106182755245711       0.23833326816665015       0.23261553589529932       0.22398474033105747       0.21264865418301843       0.19863959026035904       0.18190160638206124       0.16230946833982821       0.13958450257497515       0.11338537829822366        8.3037725037935564E-002   4.7768991432322640E-002   2.3661133729038493E-003  -4.2731406560053073E-002  -7.4317798773619839E-002  -7.8962879449102324E-002  -6.6457459639222310E-002  -5.0586068836216434E-002  -3.6758581077109685E-002  -2.4715498530296712E-002  -1.3913320290221782E-002  -4.2987885994383501E-003   3.8706448091347153E-003   1.0388423826468783E-002   1.5227346662223029E-002   1.7737548252596807E-002   1.8296392614723034E-002   1.6985427980633926E-002   1.6790901706162785E-002  -3.2370159589694088E-002  -1.8393776321125554E-002  -2.6351069356406413E-003   5.6652437778467539E-004  -3.9158143393817197E-004  -1.0551840351750452E-003  -4.3784734771638265E-004  -5.8911121369962162E-005   2.0725360722388732E-004   2.0389789892704844E-004   3.8993632734362233E-004   3.9207778467722273E-004   1.4932312012652636E-003   4.4998124997036414E-004  -9.5851221743502735E-004  -1.5557209064698594E-002  -3.7308290438550717E-002  -3.3238283368676860E-002  -2.2257527262871508E-002  -1.2986945348631552E-002  -1.1274156224389952E-002  -9.9274252315516912E-003  -9.0009662972439126E-003  -8.0667087864315368E-003  -7.6820858766805779E-003  -7.5311217198819813E-003  -7.8164106509336952E-003  -8.2489133207880091E-003  -9.3422713149964101E-003  -1.0735194757212026E-002  -1.5226193082664208E-002  -1.8802349167438389E-002  -3.4671433794890565E-002  -5.3650202446443675E-002  -5.4646185267387633E-002  -3.5756960168004122E-002  -2.5243538270875228E-002  -1.8682647692803436E-002  -1.4732620255144248E-002  -1.2456628040016356E-002  -1.0751956962830605E-002  -9.6246108644858445E-003  -9.0141781406216839E-003  -8.8012392212798701E-003  -9.2603223458405416E-003  -9.9457144232824677E-003  -1.2676965093308712E-002  -1.8051691809691184E-002  -2.6994971237082790E-002  -3.4775902032920684E-002  -3.9944399640479418E-002  -3.8133568712030358E-002  -3.3278813368552498E-002  -2.7118363678527695E-002  -2.3802627290587838E-002  -2.1259917777337836E-002  -1.9714161408431203E-002  -1.8854623336292634E-002  -1.8792229874900600E-002  -1.9449737044519608E-002  -2.1089159707015134E-002  -2.4092795235859145E-002  -2.8561730451574355E-002  -3.4881508726025079E-002  -4.2915735245511261E-002  -4.9801134578486790E-002  -5.0184212514166680E-002  -4.6210175556773529E-002  -4.0326427775512090E-002  -3.5016707000158458E-002  -3.0630122630345751E-002  -2.7390154841600262E-002  -2.5401487696450089E-002  -2.4189891991746048E-002  -2.3805098367243958E-002  -2.4133882139862211E-002  -2.5302611349010261E-002  -2.7312621564771877E-002  -3.0348354530883827E-002  -3.4975837788195206E-002  -4.0946721461279229E-002  -4.7009155354697532E-002  -5.4125853364384441E-002  -5.9632288627355833E-002  -6.4412386321530971E-002  -6.7208318978402501E-002  -6.8872871691876600E-002  -7.0934768874833548E-002  -7.4177266689147495E-002  -7.8907863091351019E-002  -8.5490314481280874E-002  -9.4196726422064933E-002 -0.10540268022849431      -0.11949076126863153      -0.13624739254948340      -0.15584778483633122      -0.17726798083673914      -0.19886044405641792      -0.21914547274254856      -0.23797151750515688      -0.25668278815166007      -0.27688253803010954      -0.29864282067584513      -0.32187956784060878      -0.34529156939597988      -0.36606886330423422      -0.37773531544284433      -0.36992408094522233      -0.33396529627655541      -0.25286567578405988      -0.11749629193835257       -3.1974423109242052E-014
   1.7182389020900746E-007   1.2754410507893421E-002   3.1237522806385427E-002   4.9141175992821341E-002   6.6567294112099246E-002   8.3641347316317310E-002  0.10049029917679109       0.11727154998609954       0.13417179515150368       0.15141305654482889       0.16925008715609474       0.18796491351019989       0.20785920618067485       0.22924110115624999       0.25241176793610798       0.27764652081866920       0.30517663400740147       0.33516848230180607       0.36770358949816712       0.40275941915770280       0.44019754132326699       0.47975278535691135       0.52103362146183896       0.56353319794660983       0.60663865360244396       0.64966322866195580       0.69186333671652356       0.73246446467563264       0.77069940339668097       0.80580366372955747       0.83701202732874436       0.86364365177331770       0.88499882113278905       0.90042853710257220       0.90934896772385121       0.91122979063496301       0.90560352476882067       0.89173170079589981       0.86987704399451338       0.83944719299722081       0.80156552582204421       0.75653110183402628       0.70750518120592676       0.65374758752761808       0.59285846740062043       0.51786159491455253       0.44011770861133370       0.35571907713868983       0.27471293676419895       0.13092891054812705        4.5157697814068282E-002   2.0066867917181774E-002   7.5626291236630339E-002  0.11833297445018467       0.16235789605577927       0.19141349725558288       0.21243501059904338       0.22682400823887566       0.23870357209573281       0.24982825723241731       0.26068683892458622       0.27124065410794679       0.28046156448045617       0.28714911957577555       0.29099899342338070       0.29233241938555782       0.29158733981605539       0.28900864116852060       0.28463767334369089       0.27830082532646416       0.26962764272144546       0.25779669882100570       0.24154933572389437       0.22193453636805044       0.20258906165783455       0.18818719586086094       0.18116849586756134       0.18022180918802166       0.18035056696005469       0.17814521543592390       0.17258235912988959       0.16375807098974257       0.15187955355942573       0.13694740261193872       0.11887773430194429        9.7426552024853216E-002   7.2350659922141000E-002   4.3040046107325272E-002   8.7233441795027036E-003  -3.6649961586979536E-002  -8.2472815243899072E-002 -0.11376448148760716      -0.11681813937137842      -0.10211217534298102       -8.3621534486485682E-002  -6.7071172149347880E-002  -5.2252808055800661E-002  -3.8619824164773789E-002  -2.6088774369659888E-002  -1.4972730402160277E-002  -5.3455789975821143E-003   2.6074584342472657E-003   8.9328588859986183E-003   1.2917719437686654E-002   1.5071908294687946E-002   1.5458951231521492E-002   1.7124026206496609E-002  -3.3632733380630227E-002  -1.8759210533431710E-002  -2.7593019351228221E-003   6.9755495866167876E-004  -4.5388232614172763E-004  -1.1084024474930180E-003  -4.9192080054719220E-004  -8.1183820720569859E-005   1.7885850048389570E-004   1.6088749818062478E-004   3.2282261822862764E-004   2.6712461907122325E-004   1.3420753166171753E-003   1.1445953428774715E-004  -1.1110107996799628E-003  -1.7094829602626115E-002  -4.1980907786560877E-002  -3.7048434489922032E-002  -2.3889754721601205E-002  -1.4011026271570436E-002  -1.2054321017413392E-002  -1.0667376373895022E-002  -9.6505796302318349E-003  -8.7454182464072865E-003  -8.3665690096273813E-003  -8.4149849209199049E-003  -8.7752625844072767E-003  -9.7349684644076496E-003  -1.1024375613259030E-002  -1.5595996088296718E-002  -1.9754908256776563E-002  -3.6926312273911036E-002  -5.6177612040994668E-002  -5.7150274110569388E-002  -3.8121087077967915E-002  -2.6789794668761354E-002  -1.9712263434361065E-002  -1.5467036801356818E-002  -1.2958755427437168E-002  -1.1043532485097759E-002  -9.7677988574258658E-003  -8.9721854127439715E-003  -8.6708453022719990E-003  -8.6662240500254631E-003  -9.3521951090137171E-003  -1.0308765981294821E-002  -1.3496552967649485E-002  -1.9396343594594804E-002  -2.9295862998850068E-002  -3.7821458725333705E-002  -4.3103553089286262E-002  -4.0620204801740917E-002  -3.5185975063721869E-002  -2.8575311109432181E-002  -2.4877609747290030E-002  -2.2110052461397318E-002  -2.0388488322832153E-002  -1.9396781464874731E-002  -1.9233236839888642E-002  -1.9814805541372219E-002  -2.1420820479495947E-002  -2.4413458301492334E-002  -2.9014379817993215E-002  -3.5526028429628216E-002  -4.3647476431636550E-002  -5.0645736235722945E-002  -5.0986428439456249E-002  -4.6900751149797110E-002  -4.0693798255647819E-002  -3.4824508545946008E-002  -2.9906892381261777E-002  -2.6149871293709572E-002  -2.3642612347917678E-002  -2.1929432970420444E-002  -2.1031324065297424E-002  -2.0909639987262019E-002  -2.1607042110227802E-002  -2.3203638699899297E-002  -2.6191382874335891E-002  -3.0268584899910918E-002  -3.4216001692171892E-002  -3.8806514410310557E-002  -4.1437323030529265E-002  -4.2939773482884400E-002  -4.2165758566402374E-002  -3.9932500053379560E-002  -3.7579260104179675E-002  -3.5742183137107024E-002  -3.4570032970905100E-002  -3.4210293068517993E-002  -3.4716561158228146E-002  -3.6111716427561003E-002  -3.8506103966473457E-002  -4.2071936794501517E-002  -4.6932495601967848E-002  -5.2814201200430726E-002  -5.9792580324769584E-002  -6.7054391748879588E-002  -7.3410643112116702E-002  -7.7773600295363579E-002  -8.0112935411162212E-002  -8.1580648531786024E-002  -8.3438012228872899E-002  -8.5966995004780680E-002  -8.9597528429813611E-002  -9.4911718022172145E-002 -0.10205260833514881      -0.11129760259445981      -0.12274688562804970      -0.13668103267871182      -0.15308336684341309      -0.17168370073163178      -0.19228049697891797      -0.21403334573049676      -0.23707498994077042      -0.26035063805150266      -0.28371385393037979      -0.30690747538801549      -0.32984569878100289      -0.35209429845410778      -0.37147676995777928      -0.38429068613244621      -0.38581787699220310      -0.36720654704942768      -0.32024357098891654      -0.23672395637368390      -0.10718702708215008       -2.6290081223154595E-013
   1.6208249993100395E-007   5.3686706345134911E-003   1.3744989552910357E-002   2.2762170417947321E-002   3.2455027452510117E-002   4.2870749694731078E-002   5.4067939139761788E-002   6.6135737639884798E-002   7.9198556710208284E-002   9.3420040569804366E-002  0.10900257354847306       0.12618297329098158       0.14522541896650487       0.16640910187871591       0.19001503942433257       0.21630643567831806       0.24550863955742358       0.27778631065900378       0.31321744040221289       0.35177528623011700       0.39330626005087055       0.43751867702388070       0.48398249422747858       0.53213486283531919       0.58129459660601468       0.63069415912529980       0.67950755410341923       0.72688452375448154       0.77196980049922514       0.81395688143864875       0.85205246286627823       0.88552532354241886       0.91370165559988881       0.93596154846191915       0.95173541199299305       0.96044383307044823       0.96178134920847080       0.95535419333107430       0.94109167252913617       0.91898718377933009       0.88948817498497845       0.85390311384643158       0.81203412297192812       0.76375489699771859       0.70862768502793727       0.64547275823949346       0.57615889784129026       0.50455799929508460       0.41409897430495368       0.29851321206291448       0.19394843447813273       0.12890205981737468        4.1887063457744629E-002  0.14802948576254563       0.17652525773626854       0.18970674689837533       0.19054172571685368       0.17451739753617693       0.15579867846941409       0.14383751357623728       0.14106375585445977       0.14626643622933999       0.15258987838170521       0.15551670078937363       0.15380300690680282       0.14776124099947074       0.13781225523712787       0.12409884137776506       0.10662762643938510        8.5220945622943620E-002   5.9673719346399076E-002   2.9344013592160632E-002  -6.6657806053285204E-003  -5.5176989777669432E-002 -0.10452163278076290      -0.13732400061037758      -0.13909340151360711      -0.12225229205176472      -0.10134771765633604       -8.2648596985751180E-002  -6.5965245694081368E-002  -5.0599123009221599E-002  -3.6494977530629601E-002  -2.3898665638558764E-002  -1.3034750428326082E-002  -3.9122308349520277E-003   2.8334835173690264E-003   7.8361435610929293E-003   1.1247600712871713E-002   1.6121942875825822E-002  -3.3979737682722201E-002  -1.8667969258859093E-002  -2.7852956040872738E-003   8.1734283632625075E-004  -4.5845294328207721E-004  -1.0808017001641189E-003  -4.7665829258553694E-004  -3.3928428409538657E-005   2.0165521804581954E-004   2.7121974351901578E-004   2.4393732175600989E-004   3.5459835443098171E-004   2.3764965275423103E-004   1.2932815766786426E-003  -2.3219598047588343E-004  -1.3321868338559946E-003  -1.9465215547075216E-002  -4.8168373289054607E-002  -4.1882694293850838E-002  -2.6056378697042758E-002  -1.5283140050583425E-002  -1.2937808454523239E-002  -1.1395309330630163E-002  -1.0206507844798608E-002  -9.1956978739545035E-003  -8.7275867423759340E-003  -8.7279127049233740E-003  -9.0303944834452220E-003  -9.9456789761877447E-003  -1.1109412169418570E-002  -1.5648146678133169E-002  -2.0122781080946405E-002  -3.8186829078013095E-002  -5.7673477858330789E-002  -5.9264130887664135E-002  -4.0205353886753253E-002  -2.8260000217534272E-002  -2.0821622554200680E-002  -1.6466354243506315E-002  -1.3887752421916004E-002  -1.1991751445047650E-002  -1.0762765091013080E-002  -1.0151259942446174E-002  -1.0030816871704750E-002  -1.0714203266195536E-002  -1.1873558547229086E-002  -1.5602935724714981E-002  -2.2272041386367434E-002  -3.3315657479560300E-002  -4.2617570936999534E-002  -4.7678090869918484E-002  -4.4232516726493074E-002  -3.7838645831123841E-002  -3.0522759455553782E-002  -2.6173662425561923E-002  -2.2927225050508013E-002  -2.0762287406854908E-002  -1.9343989454578405E-002  -1.8677934129571271E-002  -1.8722222115093338E-002  -1.9505803381526299E-002  -2.1272266553777903E-002  -2.4427219396354172E-002  -2.9302757196227051E-002  -3.6152309840951594E-002  -4.4554386522368435E-002  -5.1914457020983643E-002  -5.2454190291899690E-002  -4.8526376754315759E-002  -4.2268655802287190E-002  -3.6122534867724695E-002  -3.0992886957989317E-002  -2.7059919401743248E-002  -2.4419762130808449E-002  -2.2625271399308498E-002  -2.1691751224301510E-002  -2.1581484472040349E-002  -2.2367071859353039E-002  -2.4140907882084929E-002  -2.7349925565266595E-002  -3.1709473506339465E-002  -3.5945377777326447E-002  -4.0669998080968522E-002  -4.3060270372748968E-002  -4.4037192138707465E-002  -4.2576650819220394E-002  -3.9666380900290260E-002  -3.6606430064181357E-002  -3.4056968853747295E-002  -3.2192636192548398E-002  -3.1158398399785719E-002  -3.0983304926840757E-002  -3.1680902124292504E-002  -3.3422438452057425E-002  -3.6243770173949134E-002  -3.9872942505691379E-002  -4.4288202926129172E-002  -4.8690194914967330E-002  -5.1907061938304820E-002  -5.2898039055101362E-002  -5.1584046027293398E-002  -4.8986600867253628E-002  -4.6230090688940156E-002  -4.3514991292487037E-002  -4.1168690206488646E-002  -3.9614538816538480E-002  -3.8840010811251026E-002  -3.8907847571810407E-002  -3.9836290776877281E-002  -4.1696964904368750E-002  -4.4441402200780425E-002  -4.8207184638864746E-002  -5.2906201111135275E-002  -5.8325587791073892E-002  -6.4340413042601796E-002  -7.0473728900646557E-002  -7.6938778290667142E-002  -8.3065965648569384E-002  -8.8837461013762720E-002  -9.4343731725473168E-002 -0.10013982641338207      -0.10690156372038594      -0.11500266426772587      -0.12478037777218222      -0.13661952214174078      -0.15066778127879424      -0.16698264442969943      -0.18551836468883184      -0.20591306892664518      -0.22772548530489931      -0.25013188665142883      -0.27240459924871058      -0.29431430975156631      -0.31603536096037355      -0.33732668995366549      -0.35768580180955378      -0.37570433764780936      -0.38920090179061140      -0.39433376909782053      -0.38647692271176426      -0.35974858905181001      -0.30626069443975945      -0.22132098637798991       -9.9138017565983769E-002  -2.5224267119513187E-013
   1.5721447643807094E-007  -2.0594418233863482E-003  -3.8442855433019427E-003  -3.7715305939947045E-003  -1.8880361852151731E-003   1.7615951789536912E-003   7.1594119336978969E-003   1.4321253931219803E-002   2.3307460823609433E-002   3.4224784447470638E-002   4.7228096513212484E-002   6.2516471026605541E-002   8.0326354998024443E-002  0.10092071406299524       0.12457464100127333       0.15155474472529207       0.18209764499474071       0.21638083418739340       0.25449436538652692       0.29641536726325896       0.34197438574597044       0.39085017215761519       0.44255412249964343       0.49643924605286183       0.55172833535864452       0.60754181917826378       0.66293299556061680       0.71695225191761736       0.76865179939414296       0.81714773293966769       0.86162275852810222       0.90133960092213239       0.93564773121874789       0.96397147931684835       0.98583819389687521        1.0008316872023402        1.0086107108369811        1.0090050684599734        1.0018797532844508       0.98762450886287645       0.96621878680513984       0.93830754065872934       0.90420196072811188       0.86359662005952109       0.81613203544939883       0.76346140168216547       0.70151784079758128       0.63297403492995652       0.55047321111848024       0.46574126947010597       0.37836076346898961       0.29574569605354623       0.14867083961336031        5.9523789709179625E-002   1.6539385309869016E-002   4.9230721760511402E-002   5.2682192161611161E-003  -6.3145829570639925E-002 -0.12136432643554122      -0.16501639648832461      -0.16319057163652365      -0.13767674248408585      -0.10836514646195959       -8.3314486689237438E-002  -6.2062984630652622E-002  -4.3339646061674224E-002  -2.6946308629630773E-002  -1.2999184712921366E-002  -1.6438076854439917E-003   7.2425915002614248E-003   1.3089235821640380E-002   1.6619624121072398E-002   1.7871405030254472E-002   1.9811769520154419E-002  -3.5747644123653180E-002  -1.9028297463614612E-002  -2.9383340346644899E-003   1.0855299837174255E-003  -5.1628830257012548E-004  -1.1583496306740609E-003  -5.5933155246310027E-004  -8.8254636136504569E-005   1.6009373667641747E-004   1.0250269923832763E-004   2.3191714195764537E-004   5.8839426817036491E-005   1.1446468236562593E-003  -6.6447156468511185E-004  -1.6274488341397654E-003  -2.1625085649807183E-002  -5.3350616753962452E-002  -4.5809400193035414E-002  -2.7798852358276865E-002  -1.6373116415172063E-002  -1.3647864764323068E-002  -1.1911064826281150E-002  -1.0538914327850065E-002  -9.3354209505321761E-003  -8.7210894741578428E-003  -8.4425875722997160E-003  -8.6116158013242548E-003  -8.9515512716653398E-003  -9.9419785585096506E-003  -1.1068125811040573E-002  -1.5832327514573134E-002  -2.0935679843929710E-002  -4.0666114601412576E-002  -6.0901132114216106E-002  -6.2894911786722893E-002  -4.3313703376559785E-002  -3.0338342592969463E-002  -2.2267210837485261E-002  -1.7608000042918581E-002  -1.4810740771718033E-002  -1.2773759185995772E-002  -1.1454471161780534E-002  -1.0819396803877418E-002  -1.0718669883033960E-002  -1.1487764310160860E-002  -1.2833339886868031E-002  -1.6974596632299839E-002  -2.4181896099997473E-002  -3.6226210538652111E-002  -4.6334398254604107E-002  -5.1550841045186042E-002  -4.7463674789212505E-002  -4.0497669802781550E-002  -3.2771650898915407E-002  -2.8117827161114325E-002  -2.4773104886331911E-002  -2.2619375513199882E-002  -2.1338226155068654E-002  -2.0986415050679094E-002  -2.1484494048035513E-002  -2.3151030749899670E-002  -2.6330809276471318E-002  -3.1494865392256668E-002  -3.8789045336659812E-002  -4.7516585631196942E-002  -5.5144800817783786E-002  -5.5687988742503240E-002  -5.1577613942027631E-002  -4.4911907875859518E-002  -3.8183683570155474E-002  -3.2534313390823716E-002  -2.8147749333314296E-002  -2.5085000226460163E-002  -2.2907990705802510E-002  -2.1585547831696250E-002  -2.1020950244200733E-002  -2.1288277742959227E-002  -2.2438194874100471E-002  -2.4638986682307767E-002  -2.8289727292744583E-002  -3.3164519452869280E-002  -3.7928575471443335E-002  -4.3081169132691846E-002  -4.5549942274046344E-002  -4.6357078742416735E-002  -4.4577567875575798E-002  -4.1376802893435392E-002  -3.8020801137867523E-002  -3.5191472461068164E-002  -3.3108300947914539E-002  -3.1889999167055427E-002  -3.1566989632042360E-002  -3.2152807979726361E-002  -3.3807732827038028E-002  -3.6570226122583510E-002  -4.0166530928053605E-002  -4.4530841867544718E-002  -4.8837038361513332E-002  -5.1897999305549454E-002  -5.2677686211248638E-002  -5.1052467380769663E-002  -4.7987661171426770E-002  -4.4623678880868156E-002  -4.1180116055895270E-002  -3.8052342332802191E-002  -3.5638927813171510E-002  -3.3946743545673411E-002  -3.3026337611037071E-002  -3.2902154254995715E-002  -3.3520463886216455E-002  -3.4930263876749183E-002  -3.7028705507255115E-002  -3.9534034718595339E-002  -4.2281465406872623E-002  -4.4729317115701661E-002  -4.7017665927808136E-002  -4.8460083539765664E-002  -4.9017369812510668E-002  -4.8722097395720192E-002  -4.8026650751489826E-002  -4.7464250666204154E-002  -4.7265246605726348E-002  -4.7640146363248606E-002  -4.8813014622183709E-002  -5.0819658628417634E-002  -5.3786060216444762E-002  -5.7735969060746961E-002  -6.2622925598814327E-002  -6.8347051875238582E-002  -7.4632733885569000E-002  -8.1173367168320062E-002  -8.7423491200270376E-002  -9.2986414171668419E-002  -9.7955504638439161E-002 -0.10284664425469379      -0.10803876859123220      -0.11403224983153826      -0.12108542017829818      -0.12952556655235323      -0.13964937389102469      -0.15161277443405180      -0.16553916495384810      -0.18148489893362738      -0.19938412341150605      -0.21905979112566984      -0.24019442680703107      -0.26260109450452990      -0.28572731646646926      -0.30911195613563114      -0.33194813757947295      -0.35344191718184326      -0.37258741324669453      -0.38771166146423602      -0.39663821157482593      -0.39609138682786382      -0.38161896042307414      -0.34890426214966369      -0.29233821783008068      -0.20774998279144002       -9.2201851711928309E-002  -3.3395508580763937E-013
   1.5001281020950969E-007  -9.4498497187755579E-003  -2.1331015949568571E-002  -3.0138212265416332E-002  -3.6011122782951321E-002  -3.9097699599026953E-002  -3.9500170309812135E-002  -3.7282929770878298E-002  -3.2455169092687704E-002  -2.4971624469398650E-002  -1.4728404904982905E-002  -1.5671369138832818E-003   1.4720045865730705E-002   3.4381687540263217E-002   5.7690825022680477E-002   8.4926402497388032E-002  0.11634793293197829       0.15216138751817326       0.19248991618339029       0.23732909973432528       0.28651607806687085       0.33971377308376466       0.39637716544779139       0.45578293299351763       0.51704499004713156       0.57915675407032352       0.64104750316985437       0.70164227514228361       0.75990683630200839       0.81488166782047633       0.86572078596953572       0.91168269030438187       0.95213469947562634       0.98655120409714026        1.0144800084453964        1.0356012963842816        1.0496382786589220        1.0565069770647055        1.0560856832489860        1.0485671877642371        1.0342341986602108        1.0130767364106747       0.98529449168595140       0.95117160846764925       0.91043284721813778       0.86343057397299217       0.80820165896421969       0.74591731348451407       0.67605653116878972       0.60117152631273107       0.52559820794143597       0.43446774776752428       0.31941574239345860       0.20797191257055284       0.13216607911437747        8.4171375284955136E-002  -2.2214351897610896E-002   2.3604412842190343E-002  -5.0430778425750250E-002  -2.1771391926874887E-002  -2.3700807400714513E-003   2.7036945421082211E-003   3.2970609629913076E-004  -5.5941664479624469E-004   6.0025958084507816E-005   5.8142207449875575E-004   7.6406083797037397E-004   6.0560246397360824E-004   6.2351982759962967E-004   3.0668773665426513E-004   1.3020001732399701E-003  -7.2683925363056052E-004  -1.4752282905124538E-003  -2.2992287158783063E-002  -5.9018393217085900E-002  -5.0621619903737203E-002  -2.9784476204871305E-002  -1.7456161120282681E-002  -1.4522151971497583E-002  -1.2771355708202415E-002  -1.1325290124374256E-002  -1.0149095249125686E-002  -9.5527590597954230E-003  -9.4832866047045109E-003  -9.7112610280570277E-003  -1.0570884284066925E-002  -1.1562327337150888E-002  -1.6387460550817065E-002  -2.2012511647211946E-002  -4.2999124105364883E-002  -6.3514080168358772E-002  -6.5556063687260691E-002  -4.5794750439495317E-002  -3.1996613371491872E-002  -2.3396894609945984E-002  -1.8432890025814445E-002  -1.5382622346541664E-002  -1.3109467393273825E-002  -1.1600802036118265E-002  -1.0729054530288698E-002  -1.0484431835688802E-002  -1.0683959123437413E-002  -1.1792379892483043E-002  -1.3568431926959786E-002  -1.8481415142223578E-002  -2.6669307223720438E-002  -4.0232676526789503E-002  -5.1474604068832551E-002  -5.6808703410076919E-002  -5.1785044715655669E-002  -4.3865712066867277E-002  -3.5378913687555802E-002  -3.0123950597370271E-002  -2.6401102304217695E-002  -2.3970571120433427E-002  -2.2495819996381811E-002  -2.2014442371102245E-002  -2.2437340463096044E-002  -2.4096426187709800E-002  -2.7320640687956484E-002  -3.2705233371566320E-002  -4.0326482845553416E-002  -4.9358453001555780E-002  -5.7375449343736173E-002  -5.8124441417012007E-002  -5.4163822560964872E-002  -4.7455711064400205E-002  -4.0492433822585189E-002  -3.4706784740532223E-002  -3.0275080683266072E-002  -2.7270302712187517E-002  -2.5280691392430485E-002  -2.4295894193784140E-002  -2.4296764025535912E-002  -2.5408714047778207E-002  -2.7772270217210630E-002  -3.1731331642543055E-002  -3.7038802282437326E-002  -4.2266194243983840E-002  -4.7684388110277247E-002  -4.9994648147767766E-002  -5.0308004825739223E-002  -4.7868418550516142E-002  -4.4003895605911565E-002  -3.9984139206402106E-002  -3.6508496829953191E-002  -3.3820723634884822E-002  -3.1990812129171861E-002  -3.1027952532769992E-002  -3.0929003449272800E-002  -3.1761035377411109E-002  -3.3639501205528832E-002  -3.6648374108102309E-002  -4.0500534542715780E-002  -4.5127121199613832E-002  -4.9666692663614946E-002  -5.2941318406819350E-002  -5.3916190316313589E-002  -5.2414901891511156E-002  -4.9359774674378847E-002  -4.5913487156680220E-002  -4.2323015467372299E-002  -3.9051906868130898E-002  -3.6498259364481034E-002  -3.4692546948058296E-002  -3.3691304047212448E-002  -3.3521959250025157E-002  -3.4133881076788601E-002  -3.5562964755708817E-002  -3.7690988178547401E-002  -4.0211989835486718E-002  -4.2916185608786794E-002  -4.5179745964052616E-002  -4.7086551078769363E-002  -4.7945940022350760E-002  -4.7775614061713052E-002  -4.6655717024409613E-002  -4.5049520203799327E-002  -4.3501369827923991E-002  -4.2232352204137735E-002  -4.1469965281738713E-002  -4.1378052595900154E-002  -4.2006495008147439E-002  -4.3389911545117787E-002  -4.5425272014469387E-002  -4.7997537539106232E-002  -5.0776470673808083E-002  -5.3442261213515856E-002  -5.5420793956494588E-002  -5.6307448029172140E-002  -5.6122546287467198E-002  -5.5292462775401924E-002  -5.4098772572382242E-002  -5.2945860231884169E-002  -5.1999879203923828E-002  -5.1486384359065836E-002  -5.1587846188690951E-002  -5.2398192036413757E-002  -5.3982598448501333E-002  -5.6393891448245706E-002  -5.9630364074511374E-002  -6.3694998169556274E-002  -6.8536961726513315E-002  -7.4064708546500282E-002  -8.0150386461953424E-002  -8.6821838905720539E-002  -9.3922569655317478E-002 -0.10141520705564676      -0.10916068075088542      -0.11724048893924964      -0.12593336399636207      -0.13552835879061884      -0.14637431707059684      -0.15869699319844710      -0.17270956711102634      -0.18851372292022217      -0.20610484881343785      -0.22532479031035516      -0.24595531916027896      -0.26752578368499758      -0.28954581099479404      -0.31142905449166253      -0.33272143412250821      -0.35286484800661339      -0.37116812287442297      -0.38645633555589598      -0.39703643072380096      -0.40057487371462802      -0.39427734898673455      -0.37442978100439683      -0.33716581235109055      -0.27877371549659197      -0.19578036466143034       -8.6117749996677234E-002  -3.0908609005600663E-013
   1.4397823356997010E-007  -1.6778168175077979E-002  -3.8660033727926563E-002  -5.6261749579373653E-002  -6.9829407760867004E-002  -7.9627014565000181E-002  -8.5849130338118043E-002  -8.8646494711797807E-002  -8.8100916789762090E-002  -8.4229214784043716E-002  -7.6977430586438078E-002  -6.6224683080811350E-002  -5.1784907822787281E-002  -3.3416477346109516E-002  -1.0837146738666779E-002   1.6260555266059757E-002   4.8175495042287846E-002   8.5166049091331839E-002  0.12740702478326643       0.17493131629455463       0.22760425337345416       0.28506014070898400       0.34669404431655848       0.41168574973560257       0.47899071490977957       0.54743727991674174       0.61579911939185039       0.68282806800800044       0.74738531099445138       0.80843626291388082       0.86509725475180199       0.91665490249742620       0.96251756958021351        1.0022491612978455        1.0354979970727176        1.0620234779886810        1.0816446518760052        1.0942927188379215        1.1000073643589716        1.0987840527859960        1.0907997272875469        1.0761678195442981        1.0550335016288646        1.0274817311095992       0.99317929482227318       0.95190431511526719       0.90367807534381539       0.84792193297353124       0.78709580493153353       0.71793388921266221       0.64320912886887738       0.55560191915402668       0.46230060178822013       0.36769058773591601       0.29254874955255911       0.20416936142422906        9.0072274729791998E-002  -1.6521675754562540E-002  -7.2818854038664768E-002  -5.8615880404507707E-002  -2.7738748641601835E-002  -1.1510874991711778E-002  -8.5484648961880929E-003  -7.4503839327133975E-003  -6.4369316303743342E-003  -5.7797157467377961E-003  -5.7301625646281381E-003  -6.2379304080000713E-003  -6.9660378996920314E-003  -8.2801112712661828E-003  -9.5581360173577681E-003  -1.4645794102800874E-002  -2.0852541013859121E-002  -4.3117001039058467E-002  -6.4373640894723194E-002  -6.7770893246821437E-002  -4.7867908739817687E-002  -3.3362134525562068E-002  -2.4407787726589747E-002  -1.9411303924091679E-002  -1.6391962472526677E-002  -1.4229444742331513E-002  -1.2863126930600419E-002  -1.2288294069276747E-002  -1.2343451155291153E-002  -1.3434561708702929E-002  -1.5379329913866488E-002  -2.0796572451957682E-002  -2.9705776503333749E-002  -4.4399297978072634E-002  -5.6426330819361534E-002  -6.1599195767625604E-002  -5.5642196704518004E-002  -4.6790618746183031E-002  -3.7597666258791546E-002  -3.1693700672687841E-002  -2.7488700049358293E-002  -2.4606002373649214E-002  -2.2700103427316171E-002  -2.1708972995638180E-002  -2.1602328646511869E-002  -2.2378333593431651E-002  -2.4396204714538010E-002  -2.8035303097763961E-002  -3.4044470794917951E-002  -4.2443811432570422E-002  -5.2170643587881101E-002  -6.0846428253747697E-002  -6.1822142929247259E-002  -5.7826467983855510E-002  -5.0776121400586176E-002  -4.3252942831925760E-002  -3.7013794022201563E-002  -3.2228887747077668E-002  -2.8967734041424553E-002  -2.6818594673238539E-002  -2.5759108723033997E-002  -2.5768747598887830E-002  -2.6999404908839338E-002  -2.9606072742768819E-002  -3.3902476166491759E-002  -3.9665451403269457E-002  -4.5406802490220520E-002  -5.1271698749488705E-002  -5.3698777612283075E-002  -5.3901368027647160E-002  -5.1219673202431926E-002  -4.7171784007366289E-002  -4.3010817289917340E-002  -3.9477941193792443E-002  -3.6871326480758047E-002  -3.5272471991926492E-002  -3.4709298064060583E-002  -3.5207077876611363E-002  -3.6902577130430970E-002  -3.9851674184450417E-002  -4.3767611884078912E-002  -4.8486601558822284E-002  -5.3120346227866405E-002  -5.6409884179680729E-002  -5.7314784972969664E-002  -5.5629996770554739E-002  -5.2250669860804892E-002  -4.8359888259696789E-002  -4.4271541790436811E-002  -4.0496869614713153E-002  -3.7443725953291471E-002  -3.5148715671900775E-002  -3.3666039648238000E-002  -3.2993894467086657E-002  -3.3172575666810568E-002  -3.4141255500586241E-002  -3.5954301410965436E-002  -3.8466158398584256E-002  -4.1379061325352129E-002  -4.4439312207680146E-002  -4.6957115372080797E-002  -4.8966371419289730E-002  -4.9773179809456017E-002  -4.9457894355849304E-002  -4.8144926897439121E-002  -4.6321881508688906E-002  -4.4549072331834610E-002  -4.3056753718918032E-002  -4.2087073053806719E-002  -4.1798668291048675E-002  -4.2242555864868317E-002  -4.3443013513876222E-002  -4.5292672140928782E-002  -4.7660297333677319E-002  -5.0195759688201363E-002  -5.2560787401345940E-002  -5.4175070266023306E-002  -5.4622289120227097E-002  -5.3901246969972859E-002  -5.2401043107935127E-002  -5.0391972862928826E-002  -4.8276320601561534E-002  -4.6238676809499911E-002  -4.4487767486917525E-002  -4.3209170926627342E-002  -4.2468211065565802E-002  -4.2292552728544229E-002  -4.2691668647102110E-002  -4.3606228311443597E-002  -4.4965541603689298E-002  -4.6614868483760216E-002  -4.8392200793860279E-002  -5.0245533299702931E-002  -5.1976523687172947E-002  -5.3485251347451870E-002  -5.4599459524353022E-002  -5.5334219692086739E-002  -5.5894019146901897E-002  -5.6475057572379916E-002  -5.7343885827409187E-002  -5.8653648595708555E-002  -6.0571121540134117E-002  -6.3200933510738161E-002  -6.6621296759354381E-002  -7.0841749831411061E-002  -7.5839334201474054E-002  -8.1504172954133050E-002  -8.7729658382621215E-002  -9.4281845199692779E-002 -0.10097980511984983      -0.10768123541755865      -0.11447138352712706      -0.12155091993223258      -0.12923003733362218      -0.13772922975691651      -0.14727702265588830      -0.15808905336595627      -0.17031868629229435      -0.18409668421067329      -0.19945883288207703      -0.21640617598549203      -0.23481545565838338      -0.25451684522898316      -0.27523182973783705      -0.29659875116333217      -0.31813363336311223      -0.33914360371162144      -0.35874606410151816      -0.37585219971679651      -0.38910655155967566      -0.39687469025501371      -0.39695352209332602      -0.38679901402581235      -0.36353604213077284      -0.32391770016960936      -0.26507462285954425      -0.18457156099194444       -8.0646914161505656E-002  -4.2277292777775620E-013
   1.3740326319424790E-007  -2.3949660992305041E-002  -5.5598769916605804E-002  -8.1773430474608833E-002 -0.10283674303694304      -0.11917937066166576      -0.13109586322065661      -0.13883039247610973      -0.14254299933304146      -0.14231858417295515      -0.13815924259630152      -0.12998569945004912      -0.11763781860219100      -0.10088414352850597       -7.9428438224564302E-002  -5.2928322915244373E-002  -2.1030875748196027E-002   1.6600766088386593E-002   6.0214895304671161E-002  0.10992672452633749       0.16565199768652625       0.22701488443456225       0.29338049113835402       0.36379664730862693       0.43704975100058419       0.51177801897889119       0.58654073699483611       0.65992352153635325       0.73063885087966574       0.79759953854917665       0.85988524855537740       0.91682086721976486       0.96787879589128367        1.0126843845137263        1.0509821631736751        1.0825914510936729        1.1074146042481163        1.1253848534277702        1.1365271542056947        1.1408608284233150        1.1384468004185833        1.1293490265030226        1.1135536392052017        1.0910929504173024        1.0619051890538267        1.0255058450257404       0.98244509595302620       0.93220014729885237       0.87544576194679025       0.81049029067280820       0.73824786553594057       0.65713491235116528       0.56895030393267321       0.48403644746673952       0.39973474910390255       0.28611697010614562       0.16835635124246326        3.8108952083561472E-002  -1.9712341080333241E-002  -4.5050435750758309E-002  -2.6898396136254520E-002  -1.2815705757373281E-002  -5.6143758080466673E-003  -2.9426675304801710E-003  -2.0964118885440489E-003  -1.9408418724938684E-003  -2.3807332263391942E-003  -3.4735505717082065E-003  -5.0367159969398230E-003  -7.5047096454557132E-003  -1.0740802408177971E-002  -1.7509140367422401E-002  -2.7764000006435040E-002  -4.4338265302217801E-002  -5.7997112692874893E-002  -6.4087322003658215E-002  -5.7834489853657793E-002  -4.8696833604477331E-002  -3.9267856711433506E-002  -3.3259541922770600E-002  -2.9154147267241689E-002  -2.6464462523021145E-002  -2.4854825031101199E-002  -2.4335329059553639E-002  -2.4826610763643453E-002  -2.6730492483839123E-002  -3.0377221857533245E-002  -3.6644923099915357E-002  -4.5454669368322140E-002  -5.5485048856066643E-002  -6.4423151452805735E-002  -6.5393597150767119E-002  -6.1213096625189950E-002  -5.3748093041906177E-002  -4.5624787630855194E-002  -3.8842979384158483E-002  -3.3571724863112828E-002  -2.9847183516659884E-002  -2.7267676936587177E-002  -2.5746941572035026E-002  -2.5235277716131457E-002  -2.5801606319355144E-002  -2.7616857335925019E-002  -3.0915705958660458E-002  -3.5972255488953275E-002  -4.2599169182600240E-002  -4.9193219713388386E-002  -5.5727085625498510E-002  -5.8305047941881946E-002  -5.8278964129557770E-002  -5.5124952288299403E-002  -5.0586566036858675E-002  -4.5940129306765623E-002  -4.1976059110657944E-002  -3.9042435218376997E-002  -3.7198296969217698E-002  -3.6470576899192787E-002  -3.6884121728677575E-002  -3.8567580689341616E-002  -4.1582706068009713E-002  -4.5643737285066932E-002  -5.0556107901088734E-002  -5.5399703141038620E-002  -5.8900264310419004E-002  -6.0016874525304638E-002  -5.8493193793986639E-002  -5.5189160888345051E-002  -5.1323969929063760E-002  -4.7241896736282415E-002  -4.3540593458754578E-002  -4.0633456383236163E-002  -3.8599721229381954E-002  -3.7513046981293395E-002  -3.7409718585376735E-002  -3.8250425015401310E-002  -4.0042423585950233E-002  -4.2643676250380028E-002  -4.5682544447710915E-002  -4.8859878846723118E-002  -5.1368648740726164E-002  -5.3192275965814467E-002  -5.3618766522658429E-002  -5.2804165455954746E-002  -5.0921306914275516E-002  -4.8500165745409871E-002  -4.6102322591480532E-002  -4.3986174489505411E-002  -4.2380985892679114E-002  -4.1471779361524908E-002  -4.1281431333394382E-002  -4.1881259724310671E-002  -4.3251156230880008E-002  -4.5294626383701561E-002  -4.7854680439312181E-002  -5.0580348983913712E-002  -5.3115274524335628E-002  -5.4886087442498135E-002  -5.5465201254718564E-002  -5.4841206521105690E-002  -5.3373777684541220E-002  -5.1329686456894216E-002  -4.9126538729592960E-002  -4.6973571691670234E-002  -4.5090464715616979E-002  -4.3677114815048379E-002  -4.2802307352686711E-002  -4.2499880159845120E-002  -4.2771124549226741E-002  -4.3549402888012338E-002  -4.4743845043495628E-002  -4.6179904944418003E-002  -4.7658048333192891E-002  -4.9092925219724720E-002  -5.0244900478083297E-002  -5.1016073487047613E-002  -5.1238253798036565E-002  -5.0946970157865284E-002  -5.0340286680597909E-002  -4.9617385036987829E-002  -4.9025831100676980E-002  -4.8707100079985230E-002  -4.8788258293101100E-002  -4.9342315748390729E-002  -5.0373067505330604E-002  -5.1818700981460776E-002  -5.3557374352369007E-002  -5.5432192156621672E-002  -5.7193042200839032E-002  -5.8613137427421684E-002  -5.9521937463672188E-002  -5.9936887962196615E-002  -5.9997817368707636E-002  -5.9931124803756203E-002  -5.9896955228231748E-002  -6.0055628195282346E-002  -6.0571483025546984E-002  -6.1556779185292732E-002  -6.3134409813271605E-002  -6.5362041358911577E-002  -6.8300354705779984E-002  -7.1963561269424062E-002  -7.6371481628616511E-002  -8.1492474313924992E-002  -8.7318732675686489E-002  -9.3824394241428064E-002 -0.10100745505427940      -0.10886542825356604      -0.11735897860676604      -0.12646427678356029      -0.13622545577552198      -0.14675939153615997      -0.15824738235123592      -0.17085380759595215      -0.18472093589208063      -0.19994975119757744      -0.21655269321708120      -0.23447344820752497      -0.25354010154409795      -0.27347969265373573      -0.29390984730581754      -0.31433475300817576      -0.33418938090818240      -0.35283232198462072      -0.36952014113351167      -0.38328401564393660      -0.39285336174193386      -0.39664746612625312      -0.39273191512103767      -0.37880689290794178      -0.35245337517484410      -0.31112273241448063      -0.25237749815733429      -0.17442379427145699       -7.5819752699054693E-002  -4.3698378249297492E-013
   1.3111624961570441E-007  -3.0925326552888807E-002  -7.2058402201006899E-002 -0.10654663908376598      -0.13488085272488090      -0.15758860498563898      -0.17507113497655999      -0.18767079803867981      -0.19562914533178158      -0.19910234935515594      -0.19814939217810379      -0.19273343389984973      -0.18272331897180843      -0.16789447449923550      -0.14793065922660925      -0.12245060982640417       -9.1024083616297144E-002  -5.3213415638000888E-002  -8.6603995954842167E-003   4.2878247326971028E-002  0.10137388234578731       0.16650610590127476       0.23758357222070040       0.31346553041939873       0.39276506830809593       0.47384938265067172       0.55495150289895501       0.63451543668045485       0.71103500355285598       0.78336762545018901       0.85061321771588849       0.91213158555967810       0.96753738669437983        1.0165569183890655        1.0590575938977023        1.0949687591346255        1.1242573034933419        1.1469125391357511        1.1629410359914469        1.1723575199087786        1.1751519407340683        1.1713503332214563        1.1608963926939047        1.1435858137860140        1.1194056148124383        1.0881210968378721        1.0496250048264140        1.0036889941279552       0.95007916147769589       0.88858272963674023       0.81858104523937769       0.74207258740162052       0.65723782751488591       0.56743184067485219       0.46884693273827865       0.35618680559442606       0.23704756539814231       0.12539666696014715        5.2090655678245584E-002   7.5538496092438789E-003  -1.3489436960470896E-003  -2.5222990816623036E-003   2.3468656528364515E-004   5.7594580978957320E-004  -3.5654425173252093E-004  -2.0081492998327627E-003  -4.1452377845308001E-003  -6.8930590489993558E-003  -1.0240533736212757E-002  -1.4648380257915912E-002  -2.0483154567864384E-002  -2.8819375504073465E-002  -3.9548594340913693E-002  -5.1321814284265299E-002  -6.1977155888792435E-002  -6.4199803437079345E-002  -6.1066607860076519E-002  -5.4254940121431852E-002  -4.6413494581928623E-002  -3.9955047796191155E-002  -3.5034929817785200E-002  -3.1729680374637338E-002  -2.9664736304160427E-002  -2.8807633577942703E-002  -2.9169958578387081E-002  -3.0980692191748226E-002  -3.4461527605804794E-002  -3.9829826073601651E-002  -4.6889806558447086E-002  -5.3946894848551981E-002  -6.0762290125278791E-002  -6.3201177337155093E-002  -6.2703963667267146E-002  -5.8900952842349558E-002  -5.3702518520045102E-002  -4.8387242118672354E-002  -4.3766830649375262E-002  -4.0213998009373773E-002  -3.7748617660743826E-002  -3.6367458802396051E-002  -3.6079306802331769E-002  -3.6958833723461343E-002  -3.9116363940367826E-002  -4.2657484103027603E-002  -4.7283375105516667E-002  -5.2763280071041037E-002  -5.8123502224158761E-002  -6.2030240486521962E-002  -6.3412074356154646E-002  -6.1974923005140216E-002  -5.8565716452902976E-002  -5.4468223183709710E-002  -5.0089105225067980E-002  -4.6114569794036046E-002  -4.2974812160939645E-002  -4.0778082790865713E-002  -3.9607119393847548E-002  -3.9503131881527327E-002  -4.0433039712656674E-002  -4.2396916315458714E-002  -4.5242019663863271E-002  -4.8579470063097693E-002  -5.2074440356026833E-002  -5.4837330566969135E-002  -5.6807815216116712E-002  -5.7261289201397607E-002  -5.6420570404848186E-002  -5.4509397382577894E-002  -5.2090087471451378E-002  -4.9756165563934945E-002  -4.7781361352932483E-002  -4.6434849750612656E-002  -4.5878865097740404E-002  -4.6165108967344333E-002  -4.7309720118207284E-002  -4.9189600419964265E-002  -5.1650450551737323E-002  -5.4291340021127302E-002  -5.6740514824063497E-002  -5.8390373419279294E-002  -5.8815621809782719E-002  -5.7967293603969294E-002  -5.6202578750401654E-002  -5.3776574285735249E-002  -5.1141147990004195E-002  -4.8520481527251774E-002  -4.6169458893291791E-002  -4.4285097513316350E-002  -4.2963045922336199E-002  -4.2255346103634787E-002  -4.2182851654546785E-002  -4.2706475869018538E-002  -4.3765198576484164E-002  -4.5240588644017928E-002  -4.6951822427778539E-002  -4.8662454149939208E-002  -5.0269349250231188E-002  -5.1494398213858691E-002  -5.2252973098059499E-002  -5.2386355327412426E-002  -5.1959897158026770E-002  -5.1179251664417037E-002  -5.0257969927503088E-002  -4.9446644553559266E-002  -4.8897501630268139E-002  -4.8732621179349546E-002  -4.9026409177133898E-002  -4.9772714083464765E-002  -5.0905053520521201E-002  -5.2284738477370842E-002  -5.3746442521362618E-002  -5.5020994000644405E-002  -5.5878542905803186E-002  -5.6129087529554873E-002  -5.5776608342301075E-002  -5.4927900647222798E-002  -5.3796792324464431E-002  -5.2522938008513084E-002  -5.1263066225999819E-002  -5.0159004233030928E-002  -4.9311659386160688E-002  -4.8805363497706436E-002  -4.8670287758646083E-002  -4.8916956682817855E-002  -4.9524411600683257E-002  -5.0438500522891172E-002  -5.1597398491758151E-002  -5.2939490550364114E-002  -5.4400039204573522E-002  -5.5934607358993797E-002  -5.7448393177048744E-002  -5.8881879130043592E-002  -6.0226513501798237E-002  -6.1557492413796225E-002  -6.3004391569736681E-002  -6.4705095913523081E-002  -6.6786383756878218E-002  -6.9372959243471449E-002  -7.2546729698875309E-002  -7.6378748378726324E-002  -8.0883953069771516E-002  -8.6064016559929957E-002  -9.1867957917244239E-002  -9.8229122248694012E-002 -0.10506004251384204      -0.11227740724461112      -0.11985244121752152      -0.12784053503834195      -0.13637735317717556      -0.14561720081207144      -0.15571853503157987      -0.16681540157167982      -0.17902233437349901      -0.19242462719025330      -0.20706553428083177      -0.22292969004690585      -0.23994625385586907      -0.25797073120910979      -0.27677724126044395      -0.29605232745592375      -0.31538262355003543      -0.33420609164281267      -0.35179878258837338      -0.36724376169856882      -0.37944574921277840      -0.38710794501835366      -0.38869191150403581      -0.38247263926658925      -0.36648577141072902      -0.33863703379396304      -0.29691350387186338      -0.23935170580128079      -0.16449248044628295       -7.1223006371428671E-002  -3.8369307731090465E-013
   1.2471308768960887E-007  -3.7599031286020400E-002  -8.7781364160857953E-002 -0.13017831842819397      -0.16541616213561491      -0.19416712719093460      -0.21694404430628758      -0.23419219792245075      -0.24624026053868589      -0.25332081146433943      -0.25555533377303918      -0.25296031205962272      -0.24544265169030111      -0.23279011171869748      -0.21468030204138516      -0.19069072833075082      -0.16029610190787755      -0.12294782303076467       -7.8112959664788706E-002  -2.5383052618722153E-002   3.5336538257330581E-002  0.10385882411006983       0.17938098368378036       0.26064895486180595       0.34598451074963060       0.43339419469550627       0.52079863811572058       0.60635092102260402       0.68839312750464887       0.76567409799541852       0.83740730980350242       0.90300443193213542       0.96223491807230210        1.0149893051185439        1.0612278575599157        1.1009814939988964        1.1342711699886021        1.1611058702227925        1.1814720850442637        1.1953506951511985        1.2026782953096324        1.2033432844123282        1.1972583380186610        1.1842356647774175        1.1640800734964225        1.1366382049882842        1.1016492047779016        1.0589675954535163        1.0080335780089935       0.94907795043513010       0.88140798694730882       0.80610145063091387       0.72262633171964163       0.63030011802409724       0.52860314899480210       0.42087693470335302       0.30598009518670777       0.20640569441320053       0.12437519322073466        7.3246773980719215E-002   4.4580259442668455E-002   2.9560415158873535E-002   2.2961424897970654E-002   1.7922705050356362E-002   1.3588692988376630E-002   9.1767399306409408E-003   4.7001736809446186E-003  -4.5109971835503413E-005  -5.2464057668037455E-003  -1.1294926954851656E-002  -1.8538927082970273E-002  -2.7264682230129622E-002  -3.7390404393380212E-002  -4.7210546831885872E-002  -5.6460747535506589E-002  -6.0656645770351049E-002  -6.1423264866732198E-002  -5.8477813485486717E-002  -5.4016358528125051E-002  -4.9319600382871136E-002  -4.5273124572823627E-002  -4.2347958574679448E-002  -4.0578947366276867E-002  -4.0013663292865632E-002  -4.0707281465270868E-002  -4.2784353627827156E-002  -4.6338813778796145E-002  -5.1070992879920715E-002  -5.6671178158715460E-002  -6.2137069031823124E-002  -6.6064803930328417E-002  -6.7377145076594314E-002  -6.5749839682079730E-002  -6.2002500735737334E-002  -5.7442638502126310E-002  -5.2536919296157003E-002  -4.8024918936654108E-002  -4.4343028549716279E-002  -4.1608988061754497E-002  -3.9904821177758065E-002  -3.9248005102079722E-002  -3.9694687865693808E-002  -4.1211095207643274E-002  -4.3803849275012949E-002  -4.7299145349912045E-002  -5.1284880179011658E-002  -5.5368328357413434E-002  -5.8557196042919618E-002  -6.0735016588467673E-002  -6.1162702753040060E-002  -6.0141745179363368E-002  -5.7965122688849485E-002  -5.5245556345699401E-002  -5.2613923862943952E-002  -5.0371432830799874E-002  -4.8811423384949926E-002  -4.8099760770146022E-002  -4.8294208032235442E-002  -4.9406609072135808E-002  -5.1314356453275173E-002  -5.3853946362386010E-002  -5.6607696847528595E-002  -5.9193905370094259E-002  -6.0998548332188589E-002  -6.1589920757875539E-002  -6.0905819528123892E-002  -5.9282692077752996E-002  -5.6976247161968557E-002  -5.4459383432491390E-002  -5.1990833828969393E-002  -4.9836155775488736E-002  -4.8218746926084924E-002  -4.7233864726611056E-002  -4.6922033828799989E-002  -4.7283740798589408E-002  -4.8231400586037740E-002  -4.9646143305037360E-002  -5.1304922212959347E-002  -5.2947085244489787E-002  -5.4412008040345412E-002  -5.5399337385786104E-002  -5.5810175497787010E-002  -5.5518737125499054E-002  -5.4601283238500428E-002  -5.3296407056706407E-002  -5.1820742021607039E-002  -5.0448823282624101E-002  -4.9338610353097542E-002  -4.8637122791727098E-002  -4.8424781793753424E-002  -4.8740282858456628E-002  -4.9550769502424416E-002  -5.0780774902529698E-002  -5.2266165840644613E-002  -5.3841571054313565E-002  -5.5217739208816709E-002  -5.6172637782525792E-002  -5.6501093299306228E-002  -5.6205118866842187E-002  -5.5368697026867843E-002  -5.4207449274037603E-002  -5.2855701872574969E-002  -5.1484185228633531E-002  -5.0236720086105975E-002  -4.9223940930321911E-002  -4.8527818151327215E-002  -4.8183023572232864E-002  -4.8188999130495472E-002  -4.8519731349448883E-002  -4.9100902606128115E-002  -4.9856693843086289E-002  -5.0696400763685943E-002  -5.1533748614708420E-002  -5.2297731441565569E-002  -5.2886270943635745E-002  -5.3229530224225066E-002  -5.3321353297498007E-002  -5.3220905505664204E-002  -5.3050719706219891E-002  -5.2921871658275124E-002  -5.2941577550484342E-002  -5.3195300287628075E-002  -5.3729196761381194E-002  -5.4553483871607397E-002  -5.5635530406656239E-002  -5.6909217205474989E-002  -5.8267675233478838E-002  -5.9601440707958857E-002  -6.0784655145275396E-002  -6.1758525840991375E-002  -6.2525538073479991E-002  -6.3179322362800369E-002  -6.3820796589372494E-002  -6.4575620198411315E-002  -6.5545755253291052E-002  -6.6839839912392188E-002  -6.8551506957054656E-002  -7.0768883398058077E-002  -7.3551205622786275E-002  -7.6957525908897165E-002  -8.1017129449597450E-002  -8.5760133162436192E-002  -9.1199552332097297E-002  -9.7350649341994250E-002 -0.10422692244556085      -0.11185330150272393      -0.12023689023230015      -0.12938102057263814      -0.13928405542393674      -0.14996911242030758      -0.16149561156408110      -0.17393790356882999      -0.18737394732436169      -0.20185413593097845      -0.21739023816896136      -0.23393707999644592      -0.25137775714896538      -0.26951043883755665      -0.28804854334163993      -0.30659833879465775      -0.32467843785159450      -0.34170504800764828      -0.35700627789408340      -0.36977391266051113      -0.37904395090538245      -0.38366090897170119      -0.38225294544228949      -0.37326927321358416      -0.35503560144699509      -0.32576563028412614      -0.28375449081811394      -0.22741842979568305      -0.15551127009253668       -6.7098649758181250E-002  -4.6185277824460695E-013
   1.1838958079374533E-007  -4.3919417442437512E-002 -0.10265038290540893      -0.15249929103754364      -0.19423425859116242      -0.22867730385556623      -0.25645522783873725      -0.27811872382736474      -0.29408448551300403      -0.30466131434327243      -0.31003803724871853      -0.31029049127235847      -0.30536615725519828      -0.29508166933056673      -0.27912543019287678      -0.25702312729209359      -0.22816613566113447      -0.19187475294009104      -0.14737883961679790       -9.4071264383089659E-002  -3.1569423038792115E-002   4.0025593996382051E-002  0.11985882445451160       0.20665574150575236       0.29814370220945496       0.39189214500560504       0.48562206555438958       0.57677651486069348       0.66378193460853308       0.74523226437107992       0.82045737894565063       0.88913193126656220       0.95113864487287481        1.0066293677028919        1.0557217523909681        1.0985281024952880        1.1351476430082343        1.1656105343109620        1.1898906639576234        1.2079106650412819        1.2195619901972701        1.2246620953588883        1.2230007809308732        1.2143427655935000        1.1983929415700845        1.1748731547634759        1.1434034652877283        1.1037646932735734        1.0556137343464311       0.99887193262550422       0.93336017750380540       0.85878612361582618       0.77571019706497246       0.68378612449766285       0.58350108397684264       0.47911442253862307       0.37329515267018032       0.27825305976066217       0.19621993009013136       0.13707460532156757        9.4598319965952929E-002   6.7422959818435685E-002   4.9425132276839250E-002   3.6583150678485672E-002   2.6686300367706788E-002   1.8048069012575271E-002   1.0134215066318140E-002   2.5018341753054001E-003  -5.1911054764686984E-003  -1.3279740399130329E-002  -2.2034282688423636E-002  -3.1292610515991637E-002  -4.0847605042922931E-002  -4.9735040624146472E-002  -5.6627800366517489E-002  -6.0505730598457354E-002  -6.1009443060477196E-002  -5.8979667843310157E-002  -5.5821863161623519E-002  -5.2062975634045654E-002  -4.8583522893660122E-002  -4.5862978503063062E-002  -4.4089935046436220E-002  -4.3393188790920897E-002  -4.3846786186820273E-002  -4.5447209354938220E-002  -4.8179543654818337E-002  -5.1876367106275474E-002  -5.6072309425488062E-002  -6.0332842620292433E-002  -6.3560450933763973E-002  -6.5588403520864591E-002  -6.5662418640667672E-002  -6.4156865648162781E-002  -6.1416338831359100E-002  -5.8094832568470700E-002  -5.4832119616488866E-002  -5.1955980280089811E-002  -4.9757137433500229E-002  -4.8424698029139256E-002  -4.8009197839322032E-002  -4.8568942483686040E-002  -5.0082136203419857E-002  -5.2423111430341639E-002  -5.5403148029641490E-002  -5.8582037798706979E-002  -6.1544955432319741E-002  -6.3661750968621394E-002  -6.4481619916480951E-002  -6.3928087429819397E-002  -6.2327410082448909E-002  -5.9947049332294146E-002  -5.7296514967788467E-002  -5.4675685001205419E-002  -5.2377582948763893E-002  -5.0650004085548352E-002  -4.9602361299913467E-002  -4.9287655851007930E-002  -4.9706403786456514E-002  -5.0769473128019563E-002  -5.2347390731134813E-002  -5.4203160813289679E-002  -5.6047951108517111E-002  -5.7696512598972245E-002  -5.8815268327822190E-002  -5.9314993639214775E-002  -5.9083527089874729E-002  -5.8229431197323038E-002  -5.7004274533071872E-002  -5.5645919280862786E-002  -5.4435455958923455E-002  -5.3542310197466622E-002  -5.3101586593915423E-002  -5.3184347185297201E-002  -5.3783929677771736E-002  -5.4817971202889990E-002  -5.6131633359595985E-002  -5.7534377116523774E-002  -5.8738502580358995E-002  -5.9500674894901601E-002  -5.9619239572010999E-002  -5.9074004455117866E-002  -5.7948810399917457E-002  -5.6445773970631059E-002  -5.4720160487251257E-002  -5.2945506557552889E-002  -5.1294140716585002E-002  -4.9880357482025323E-002  -4.8816069230911099E-002  -4.8143437923807951E-002  -4.7889920335762247E-002  -4.8028150436469672E-002  -4.8522169998607145E-002  -4.9273038502669404E-002  -5.0196340994373756E-002  -5.1174501939698858E-002  -5.2109114242511398E-002  -5.2909282551891437E-002  -5.3476464587184656E-002  -5.3740533449728178E-002  -5.3710602182054326E-002  -5.3445665779217451E-002  -5.3078923567395291E-002  -5.2718273614108711E-002  -5.2477469643788056E-002  -5.2435621788100122E-002  -5.2639635227858514E-002  -5.3088587330847543E-002  -5.3746531408348897E-002  -5.4532224845461698E-002  -5.5331913607113543E-002  -5.6020246820323694E-002  -5.6464139039741977E-002  -5.6585581594156574E-002  -5.6372688422473345E-002  -5.5891656875048448E-002  -5.5226294143543221E-002  -5.4476649620825331E-002  -5.3730439087968776E-002  -5.3068847075544205E-002  -5.2565906963164939E-002  -5.2273864829907611E-002  -5.2225088830118893E-002  -5.2435968452458778E-002  -5.2901124044891078E-002  -5.3609794508560613E-002  -5.4532819579507924E-002  -5.5652272967253016E-002  -5.6943633667530962E-002  -5.8381656696610808E-002  -5.9926914946574823E-002  -6.1553867966751205E-002  -6.3254125878047907E-002  -6.5073584347566465E-002  -6.7074261211594391E-002  -6.9349308576601779E-002  -7.1981526900661230E-002  -7.5058820330882223E-002  -7.8646875311835562E-002  -8.2803512982653746E-002  -8.7555128111246744E-002  -9.2915431791982445E-002  -9.8870429845468094E-002 -0.10540093314526801      -0.11246944248025095      -0.12005843838308351      -0.12816800259866695      -0.13684758293564883      -0.14617282369749471      -0.15624055449589158      -0.16713700906522033      -0.17893421090685269      -0.19168302605969006      -0.20540277197220994      -0.22007622757989778      -0.23563831214492972      -0.25197054781209804      -0.26888599331781549      -0.28612958349250334      -0.30335491003329679      -0.32011922290101924      -0.33585323564886771      -0.34985280448772416      -0.36126525772358153      -0.36909335812129201      -0.37219920411065233      -0.36931912941321798      -0.35905420721604153      -0.33994106323249507      -0.31048209299558566      -0.26923096789967760      -0.21488512731622653      -0.14640927753640512       -6.3004796276048797E-002  -5.1159076974787212E-013
   1.1204980964498628E-007  -4.9774149707512649E-002 -0.11639531691702333      -0.17309157904855568      -0.22077554547465977      -0.26042067431733062      -0.29276854409263464      -0.31847536921360625      -0.33804423624069929      -0.35186335630780902      -0.36019611941860658      -0.36318099867355502      -0.36082176783160164      -0.35299415913228938      -0.33940810451330439      -0.31956934834995504      -0.29282906745536275      -0.25830992491509108      -0.21500723567127353      -0.16202235832058814       -9.8503286096532430E-002  -2.4461333270951322E-002   5.9483417058001080E-002  0.15169382054907099       0.24939651404984153       0.34957811322306392       0.44942837606129732       0.54580305686930009       0.63708341198720941       0.72191746208036733       0.79966108516939904       0.87049619318968763       0.93450460188276885       0.99202320611161388        1.0433850781535685        1.0887696510259313        1.1283006137035514        1.1619955687175094        1.1897919009370082        1.2115445026490099        1.2270574473846632        1.2360758449655573        1.2382974983636288        1.2333986440718800        1.2210218347693864        1.2008158532654147        1.1724403309729663        1.1355412031949437        1.0898766612984836        1.0351807386238312       0.97164676932527516       0.89889088852790033       0.81725086554480320       0.72795783998059238       0.63213024259483386       0.53238710106573361       0.43392845240538702       0.34159219666338769       0.26221151694656042       0.19792381541678189       0.14857380772927375       0.11262046742933104        8.5717791473149979E-002   6.5679075526347303E-002   4.9889550266852267E-002   3.6695387755897181E-002   2.5162000635713628E-002   1.4605892474410485E-002   4.5580470936338515E-003  -5.2808404970794576E-003  -1.5127011789974965E-002  -2.4984743138353666E-002  -3.4535330439802295E-002  -4.3437001309266692E-002  -5.0595858605635799E-002  -5.5895702947070171E-002  -5.8620650045861651E-002  -5.9295886768974605E-002  -5.8367351400088904E-002  -5.6584541844787430E-002  -5.4669733959390579E-002  -5.3006995188868963E-002  -5.1962246717831700E-002  -5.1738001877273718E-002  -5.2422397154385819E-002  -5.4042185723228532E-002  -5.6473393682972280E-002  -5.9538174903932074E-002  -6.2767473152106804E-002  -6.5736550597530072E-002  -6.7795632275962900E-002  -6.8497283349966090E-002  -6.7738817935014600E-002  -6.5843054961777406E-002  -6.3072778376601177E-002  -5.9970245491898680E-002  -5.6857250909794294E-002  -5.4059437617905583E-002  -5.1831539874736550E-002  -5.0310999740509413E-002  -4.9579830140452474E-002  -4.9663622766733778E-002  -5.0526692032167766E-002  -5.2071592109838631E-002  -5.4138291032253656E-002  -5.6468123587627830E-002  -5.8727142695450166E-002  -6.0698082482946926E-002  -6.2003851914913845E-002  -6.2565158708136254E-002  -6.2287717277450944E-002  -6.1317186322768114E-002  -5.9931131915852455E-002  -5.8395156867769228E-002  -5.7009400659248061E-002  -5.5964757993092452E-002  -5.5403839772059434E-002  -5.5406848751159581E-002  -5.5967300856137651E-002  -5.7004495521265838E-002  -5.8355965104944840E-002  -5.9829717980310476E-002  -6.1127163167853230E-002  -6.2009269911074090E-002  -6.2265472356777804E-002  -6.1873260781217167E-002  -6.0899743967413961E-002  -5.9551224051114293E-002  -5.7981892812943858E-002  -5.6381748215369634E-002  -5.4925166683167798E-002  -5.3736977045592577E-002  -5.2917505396119620E-002  -5.2504743388720188E-002  -5.2497756738592978E-002  -5.2854290714818800E-002  -5.3481382840387101E-002  -5.4269653547544067E-002  -5.5094371723327762E-002  -5.5824071876677185E-002  -5.6365054833658064E-002  -5.6603902757182224E-002  -5.6489502927012311E-002  -5.6033234663678259E-002  -5.5317028307966587E-002  -5.4475066284663143E-002  -5.3639546608172488E-002  -5.2927918474038306E-002  -5.2445405634863808E-002  -5.2246504345778891E-002  -5.2366487271245175E-002  -5.2779587419953311E-002  -5.3440647615994152E-002  -5.4248314267049860E-002  -5.5083907354131843E-002  -5.5808397049351720E-002  -5.6288317534799244E-002  -5.6433679916538887E-002  -5.6229318810374865E-002  -5.5726372750178950E-002  -5.5006466366063274E-002  -5.4161587986835319E-002  -5.3284870974783106E-002  -5.2452889953684100E-002  -5.1745139253128021E-002  -5.1207421620217859E-002  -5.0873150566825349E-002  -5.0747403605364429E-002  -5.0819139349602353E-002  -5.1059892329446320E-002  -5.1428540044892494E-002  -5.1883485874921038E-002  -5.2384678512125388E-002  -5.2883525937004718E-002  -5.3330443210483809E-002  -5.3683016081919464E-002  -5.3924957109348248E-002  -5.4082200512126727E-002  -5.4202207705894984E-002  -5.4349863466941019E-002  -5.4585222768549498E-002  -5.4958512892541979E-002  -5.5502192072099277E-002  -5.6228736873175061E-002  -5.7121181335683086E-002  -5.8147706785576056E-002  -5.9255824259175228E-002  -6.0387310070858631E-002  -6.1489712407602204E-002  -6.2540249529582453E-002  -6.3552283814459681E-002  -6.4579466246260556E-002  -6.5691756164482251E-002  -6.6970474499943450E-002  -6.8488388326638103E-002  -7.0326655392236689E-002  -7.2551572811780374E-002  -7.5233531919004656E-002  -7.8425640441352695E-002  -8.2180475893703142E-002  -8.6535658763666201E-002  -9.1531266928533611E-002  -9.7193188127537578E-002 -0.10355603742348728      -0.11064468908647632      -0.11848962187235697      -0.12710710413021692      -0.13650931506683969      -0.14669806229445168      -0.15768494293591725      -0.16948506536030628      -0.18212068669722004      -0.19560191853915754      -0.20991740552384616      -0.22502067155194116      -0.24081492817418271      -0.25714632113661973      -0.27378937863069197      -0.29044278636685872      -0.30672102987866806      -0.32215396028936516      -0.33618302937181954      -0.34815783634580022      -0.35732555962154433      -0.36281639528439935      -0.36363078235538304      -0.35865773595119355      -0.34668228872369256      -0.32642720989541874      -0.29661084858707465      -0.25600141121640441      -0.20347877272329931      -0.13815227199362989       -5.9304575071302969E-002  -6.1461946643320762E-013
   1.0573983141577977E-007  -5.5104071951309737E-002 -0.12888160963651621      -0.19176097346872889      -0.24479928468306492      -0.28912012104490120      -0.32557636502253223      -0.35492324480529619      -0.37774544201229393      -0.39450930070434442      -0.40554562026577345      -0.41105691713470383      -0.41112610113035863      -0.40569614916940361      -0.39451937070971671      -0.37717282377113220      -0.35298131303258878      -0.32085707137073921      -0.27962478333891377      -0.22786758054907294      -0.16430034546995606       -8.8423945647607458E-002  -4.3641991569622307E-004   9.7023203982804312E-002  0.20117007761671846       0.30806993875131039       0.41338609695334583       0.51460653697368230       0.60895600282824247       0.69577671434508181       0.77472186386117181       0.84622870542668471       0.91104028233517997       0.96958861239340122        1.0223653612193166        1.0696812151943169        1.1116343084792391        1.1482113551832551        1.1793020465170478        1.2046892786539034        1.2240897833838484        1.2371568433364901        1.2434929776802237        1.2426592936776493        1.2342132329374023        1.2176883002588390        1.1926901020120071        1.1588450834375013        1.1159485446653439        1.0637259050367203        1.0022484694988898       0.93184676721373094       0.85284118218279670       0.76647120144389103       0.67468830412575864       0.57993059636459432       0.48680188679864389       0.39836579479797318       0.31999860171873873       0.25244887079004613       0.19771755890423937       0.15404134343188922       0.11963341225288601        9.2543265056290042E-002   7.0573541969325485E-002   5.2342302560757246E-002   3.6666344609152149E-002   2.2734088115916647E-002   9.9972585729447196E-003  -1.9179955221087024E-003  -1.3179014273311307E-002  -2.3830241020550560E-002  -3.3574097730408030E-002  -4.2142641069375743E-002  -4.9006509258499004E-002  -5.3823055058042468E-002  -5.6571204122354113E-002  -5.7637016743330528E-002  -5.7350220091373028E-002  -5.6351128722104064E-002  -5.5050035788948744E-002  -5.3839245194053281E-002  -5.3042061403515098E-002  -5.2833240029729299E-002  -5.3308659989366375E-002  -5.4495444617409815E-002  -5.6306406613826673E-002  -5.8596510085487254E-002  -6.1090847913546423E-002  -6.3440778255612423E-002  -6.5390541109266315E-002  -6.6543944708839203E-002  -6.6819777719806212E-002  -6.6156171693212584E-002  -6.4719942840021638E-002  -6.2821287998176725E-002  -6.0738448476225990E-002  -5.8796811113678148E-002  -5.7202909446349356E-002  -5.6125292655605390E-002  -5.5664513710120690E-002  -5.5856973492583506E-002  -5.6665924988804628E-002  -5.7992302704954132E-002  -5.9644430247982869E-002  -6.1416569527395312E-002  -6.2984496265737516E-002  -6.4104308087405928E-002  -6.4548803681606731E-002  -6.4292297645110866E-002  -6.3388055621358325E-002  -6.2052095207291241E-002  -6.0448128769689372E-002  -5.8790161094784341E-002  -5.7269254200074560E-002  -5.6029865976537092E-002  -5.5182345326202302E-002  -5.4777364511575041E-002  -5.4814132359366725E-002  -5.5253378331166537E-002  -5.5992623458752985E-002  -5.6917361888169427E-002  -5.7885374152573089E-002  -5.8753232230467703E-002  -5.9413416549573328E-002  -5.9755613937661059E-002  -5.9732675356864509E-002  -5.9372499778087146E-002  -5.8760148554459102E-002  -5.8042371586370552E-002  -5.7347790875879129E-002  -5.6797735520320650E-002  -5.6483196347657139E-002  -5.6448348788181828E-002  -5.6693510888573384E-002  -5.7171841346822121E-002  -5.7795707742990907E-002  -5.8434904295225541E-002  -5.8958653706453430E-002  -5.9220782775748097E-002  -5.9138423481759010E-002  -5.8680717218772112E-002  -5.7904374073212007E-002  -5.6879577642474206E-002  -5.5712573675962530E-002  -5.4496151037125330E-002  -5.3327803320011267E-002  -5.2289971882750183E-002  -5.1452091083314534E-002  -5.0849383526138603E-002  -5.0507717500969461E-002  -5.0414399353035003E-002  -5.0548619970755569E-002  -5.0863818238587447E-002  -5.1308805465468621E-002  -5.1822501464908043E-002  -5.2356499610606712E-002  -5.2847202820788301E-002  -5.3245470230118372E-002  -5.3504074067103349E-002  -5.3613285490047548E-002  -5.3595956004904639E-002  -5.3504311501541266E-002  -5.3398093000493516E-002  -5.3339959075362382E-002  -5.3372121691548147E-002  -5.3526396196167038E-002  -5.3804175427967837E-002  -5.4184557229562703E-002  -5.4621853066962572E-002  -5.5057186133253770E-002  -5.5416444667626401E-002  -5.5638649935719466E-002  -5.5681364072299934E-002  -5.5543693714619112E-002  -5.5253697711153509E-002  -5.4863305610865387E-002  -5.4426952671361807E-002  -5.3998529138991759E-002  -5.3630775677328782E-002  -5.3367568653654676E-002  -5.3247241979431981E-002  -5.3295575752471860E-002  -5.3530941606247932E-002  -5.3961556559177178E-002  -5.4590759787583085E-002  -5.5416787110382650E-002  -5.6439127600418970E-002  -5.7652492646332251E-002  -5.9051466785743863E-002  -6.0621529558888956E-002  -6.2355499094706841E-002  -6.4255125779379529E-002  -6.6346912400818733E-002  -6.8671338895869266E-002  -7.1286851411344138E-002  -7.4250067142922593E-002  -7.7624694563569907E-002  -8.1460721317762649E-002  -8.5806303689889410E-002  -9.0689831739211219E-002  -9.6134785079954488E-002 -0.10214567929580709      -0.10872552997920326      -0.11586810927859470      -0.12357731658521121      -0.13186574672640825      -0.14076843561233263      -0.15033064610482341      -0.16060441931642921      -0.17163098202791249      -0.18343816875514762      -0.19602860775537764      -0.20937854237351797      -0.22342804478413134      -0.23807501606613959      -0.25316822759228313      -0.26849881177308016      -0.28379183432117272      -0.29869658497865820      -0.31277538431691876      -0.32549187885843689      -0.33620293098347853      -0.34415618384935659      -0.34849812001183222      -0.34827988659750297      -0.34247192282675892      -0.32998837518717650      -0.30970870191160454      -0.28052027773444826      -0.24137504637584167      -0.19131525681980829      -0.12957340257120370       -5.5521903576046458E-002  -5.8619775700277029E-013
   9.9436596204144545E-008  -5.9797294171144093E-002 -0.13984227725404569      -0.20809874277961141      -0.26576518961581652      -0.31410991898300827      -0.35408889029821300      -0.38654789972914388      -0.41214740794666199      -0.43142000885035142      -0.44475414149755743      -0.45243024665423243      -0.45461515302525735      -0.45131892312019506      -0.44240651206319126      -0.42758498888603114      -0.40617830652365039      -0.37713369014769849      -0.33902659519486200      -0.28963973118150615      -0.22743051319664384      -0.15065811579471527       -5.9388816739523620E-002   4.3687889471060656E-002  0.15424797633589551       0.26752252672715282       0.37790231209456626       0.48310093864349191       0.57902568091284712       0.66598148210400154       0.74475610168439943       0.81563667895136249       0.88018792476913277       0.93908931175613697       0.99285554791128672        1.0417987487413924        1.0859530639686239        1.1252459773922492        1.1594799585842928        1.1883488322909650        1.2114710464405583        1.2283928289827777        1.2386236780287962        1.2416263741516957        1.2368797273611789        1.2238692026848148        1.2021487982544619        1.1713340387683553        1.1312098429898585        1.0817216880413700        1.0229004628878242       0.95527883550277126       0.87964440171808289       0.79719390983024330       0.70999191422490115       0.62043228509216108       0.53167890921840233       0.44716177789971323       0.36996017307734907       0.30198591195749375       0.24431797827507598       0.19606411594885681       0.15655842056241925       0.12407543255079284        9.7176679331268750E-002   7.4616396786349640E-002   5.5263781974889570E-002   3.8321968370916788E-002   2.3192354462592487E-002   9.4484348433403441E-003  -3.1485748881950725E-003  -1.4714741594494395E-002  -2.5185001643830671E-002  -3.4371206537413712E-002  -4.2153799241511615E-002  -4.8232714469946134E-002  -5.2654799681800424E-002  -5.5472018832294044E-002  -5.6974500981189724E-002  -5.7566366168407199E-002  -5.7612560680564681E-002  -5.7508846235128787E-002  -5.7521383256072652E-002  -5.7851964086350828E-002  -5.8620876165222727E-002  -5.9851892319347809E-002  -6.1476640139230244E-002  -6.3333026138579371E-002  -6.5218971763008421E-002  -6.6823822684349748E-002  -6.7903600577837647E-002  -6.8241599305346470E-002  -6.7805617216033773E-002  -6.6652040574485719E-002  -6.4995419320209469E-002  -6.3021120982727316E-002  -6.0956069437727800E-002  -5.9020116377860782E-002  -5.7372512745829822E-002  -5.6154180907864261E-002  -5.5434833838758447E-002  -5.5246697222398083E-002  -5.5560943659241933E-002  -5.6318756792916570E-002  -5.7389890186066370E-002  -5.8640950339855037E-002  -5.9899912983644304E-002  -6.1002670116810674E-002  -6.1822251417232868E-002  -6.2248633804229798E-002  -6.2240211762112342E-002  -6.1844779169996401E-002  -6.1158752318938484E-002  -6.0348389761416016E-002  -5.9552825625560885E-002  -5.8909270186081567E-002  -5.8515076414695111E-002  -5.8424064593769545E-002  -5.8636896474927494E-002  -5.9111904886001258E-002  -5.9757431363423784E-002  -6.0444925994517930E-002  -6.1039436466745790E-002  -6.1397258989863736E-002  -6.1429989114813094E-002  -6.1105670789102763E-002  -6.0471087552677473E-002  -5.9596182354231260E-002  -5.8582118363553863E-002  -5.7527620745643680E-002  -5.6525447326791010E-002  -5.5661589303031514E-002  -5.4993852819286239E-002  -5.4554412172688652E-002  -5.4350081508181693E-002  -5.4356569032881073E-002  -5.4535374970612609E-002  -5.4821878282441450E-002  -5.5155804987235303E-002  -5.5470805079616076E-002  -5.5705930203161100E-002  -5.5802412220120917E-002  -5.5726641934014443E-002  -5.5467501153063044E-002  -5.5065789095985217E-002  -5.4574250177187027E-002  -5.4072039978506743E-002  -5.3624545031666908E-002  -5.3295619463471576E-002  -5.3122441951585622E-002  -5.3128500786770123E-002  -5.3301617487037566E-002  -5.3613731648784906E-002  -5.4005362277329459E-002  -5.4412186336883550E-002  -5.4748857012524674E-002  -5.4951842693889745E-002  -5.4967784797572625E-002  -5.4792188785349721E-002  -5.4440662752367891E-002  -5.3962119125480178E-002  -5.3401506809378316E-002  -5.2813053424597772E-002  -5.2242471075528561E-002  -5.1734230609353130E-002  -5.1318478560503700E-002  -5.1019184894473706E-002  -5.0842946567790342E-002  -5.0791866642976698E-002  -5.0852942247477155E-002  -5.1013729921809046E-002  -5.1253369284284367E-002  -5.1553035936117562E-002  -5.1886370894851430E-002  -5.2226616634984332E-002  -5.2547287245367232E-002  -5.2837731776914802E-002  -5.3102454308331458E-002  -5.3364597396581268E-002  -5.3655142378438381E-002  -5.4007042721774388E-002  -5.4451063385377696E-002  -5.5007518117860331E-002  -5.5686580119818752E-002  -5.6484749444506474E-002  -5.7388270939594595E-002  -5.8373115512526295E-002  -5.9416164749326920E-002  -6.0496323252269786E-002  -6.1612422151246883E-002  -6.2780100555392140E-002  -6.4039881206151839E-002  -6.5439983862576739E-002  -6.7039467645174378E-002  -6.8893571852031502E-002  -7.1061846888208546E-002  -7.3597198429525862E-002  -7.6555024071602640E-002  -7.9980771167935574E-002  -8.3922560824663539E-002  -8.8418208712515656E-002  -9.3508555813999653E-002  -9.9226494526542627E-002 -0.10560786957606369      -0.11268127719643624      -0.12047526780459855      -0.12900603640770467      -0.13828431094071883      -0.14830928863008117      -0.15907833608724167      -0.17058255575464595      -0.18280806594018631      -0.19572499689718367      -0.20928209453889818      -0.22339412053340976      -0.23793571599687890      -0.25273010872088170      -0.26754338631969427      -0.28207738305235752      -0.29596531620903016      -0.30876919675969661      -0.31997813808161202      -0.32900702569734347      -0.33519127533546378      -0.33778537217403126      -0.33596528833887856      -0.32883437124274206      -0.31544587263659679      -0.29482917315905038      -0.26601797661178705      -0.22810146828680489      -0.18024477379805731      -0.12176255185308171       -5.2080701645367315E-002  -6.4659388954244938E-013
   9.3150627100739026E-008  -6.3792712515553171E-002 -0.14913924113598903      -0.22190824320545091      -0.28343332132383448      -0.33511740628710457      -0.37800743278955290      -0.41302696158679036      -0.44089347203372053      -0.46218372032623145      -0.47734021459573311      -0.48670926754870819      -0.49050840231961795      -0.48885602505282721      -0.48178922676699770      -0.46910685429543997      -0.45029978801458659      -0.42467487800981479      -0.39044552581913367      -0.34489496979398881      -0.28557276861627179      -0.20906592925818129      -0.11599030423085800       -6.1230073021253115E-003  0.11043142606495050       0.22873694579806247       0.34477552900727659       0.45096900882020674       0.54685833967984243       0.63173328865949852       0.70788793926062010       0.77685528540323379       0.84004655991280108       0.89853506650254222       0.95287966523546841        1.0031358393982801        1.0493396275329501        1.0913116552702882        1.1287364632308525        1.1612373531335409        1.1883340620493883        1.2094641669237298        1.2240195021064899        1.2313558901338011        1.2308363007159731        1.2218560947303738        1.2039052089182216        1.1765958338502924        1.1396878802457242        1.0932239717075778        1.0374425276560362       0.97290499830637156       0.90063268393863782       0.82196599287009808       0.73880266942238870       0.65358697238773023       0.56880654320177826       0.48745721107075263       0.41154092540920106       0.34317602307010719       0.28300274454381941       0.23119974986804490       0.18727133491622031       0.15012251340473032       0.11878010188711294        9.2117059159091311E-002   6.9191478693239716E-002   4.9241839336568720E-002   3.1650990444348999E-002   1.5983579807917220E-002   1.9624789548903037E-003  -1.0536176498036358E-002  -2.1559907959492215E-002  -3.0997647114701078E-002  -3.8794017164577824E-002  -4.4879590728695108E-002  -4.9354466511084980E-002  -5.2375255524222300E-002  -5.4264144333286912E-002  -5.5294914960956995E-002  -5.5789751471141492E-002  -5.6041624396649080E-002  -5.6275332978060137E-002  -5.6673048553654161E-002  -5.7338422769717810E-002  -5.8307045024960862E-002  -5.9558056299627106E-002  -6.0994160129077282E-002  -6.2489585436588203E-002  -6.3882366456217796E-002  -6.4999168307915203E-002  -6.5720058563307135E-002  -6.5937065719714111E-002  -6.5632701915279451E-002  -6.4870247472522027E-002  -6.3771995497666989E-002  -6.2517178685657745E-002  -6.1271108463692478E-002  -6.0185337367173256E-002  -5.9385628709602657E-002  -5.8942321562194686E-002  -5.8892672487007323E-002  -5.9210993636382686E-002  -5.9838003483257386E-002  -6.0659795045838349E-002  -6.1534317164166422E-002  -6.2310379956475204E-002  -6.2837309487189671E-002  -6.3015816084042706E-002  -6.2809527465902334E-002  -6.2257220054038200E-002  -6.1431231059211285E-002  -6.0435149222759381E-002  -5.9380863458461115E-002  -5.8368574630189067E-002  -5.7498404770509839E-002  -5.6833948044161288E-002  -5.6417387589294286E-002  -5.6256175733359989E-002  -5.6329669467057863E-002  -5.6594029859680213E-002  -5.6982736795349487E-002  -5.7425024271835962E-002  -5.7850511447102106E-002  -5.8189098150570912E-002  -5.8384859547318715E-002  -5.8403268631812832E-002  -5.8241257017547274E-002  -5.7938968768896940E-002  -5.7554362331901920E-002  -5.7160864851991282E-002  -5.6823999876930327E-002  -5.6594477204090173E-002  -5.6501470263248234E-002  -5.6549081957565452E-002  -5.6708870930193729E-002  -5.6933683538871453E-002  -5.7154903334772543E-002  -5.7296421537756645E-002  -5.7288137046275764E-002  -5.7084385794948629E-002  -5.6671660748528953E-002  -5.6072026923523366E-002  -5.5326803909830954E-002  -5.4492067350790679E-002  -5.3619851709185665E-002  -5.2771435629075582E-002  -5.1992036394758308E-002  -5.1327815899728492E-002  -5.0803345776517107E-002  -5.0437301154607109E-002  -5.0226985371720247E-002  -5.0166918458996727E-002  -5.0230786119018080E-002  -5.0398185425210018E-002  -5.0634151939201101E-002  -5.0912760540970728E-002  -5.1196382963177051E-002  -5.1456302020944929E-002  -5.1659727867671264E-002  -5.1797859967675677E-002  -5.1870010107177698E-002  -5.1900690076394439E-002  -5.1914357555462434E-002  -5.1943644105744792E-002  -5.2010919918160453E-002  -5.2133945576069346E-002  -5.2312180612650847E-002  -5.2537304197570085E-002  -5.2782574990780311E-002  -5.3016879054821740E-002  -5.3201911466823175E-002  -5.3306740990817503E-002  -5.3311378891698367E-002  -5.3216998604708077E-002  -5.3040752753374013E-002  -5.2812647765368016E-002  -5.2566079880321158E-002  -5.2336308840335528E-002  -5.2155730373768139E-002  -5.2055030862805739E-002  -5.2060517049244075E-002  -5.2193643556419735E-002  -5.2472513269434605E-002  -5.2910029359039927E-002  -5.3518363218472538E-002  -5.4305577336882037E-002  -5.5281366337642260E-002  -5.6450662848338926E-002  -5.7818591341683032E-002  -5.9384194722445507E-002  -6.1151548824930117E-002  -6.3126942696370328E-002  -6.5331733533067551E-002  -6.7793350033237332E-002  -7.0552300012586847E-002  -7.3649110993244102E-002  -7.7129946703808447E-002  -8.1034085624953012E-002  -8.5400777398950550E-002  -9.0257662618139903E-002  -9.5629793655072917E-002 -0.10153068404671955      -0.10797310201412928      -0.11496293015743657      -0.12251189119941218      -0.13063286337643309      -0.13934883547720439      -0.14868278043319941      -0.15865802038086449      -0.16928510762472698      -0.18056045446689112      -0.19245686295593920      -0.20492196947028107      -0.21786980443189174      -0.23117826811331257      -0.24468057418042191      -0.25816113252463074      -0.27134750247065842      -0.28390435216953336      -0.29542586795599701      -0.30542988087049983      -0.31335493364731237      -0.31856202079940299      -0.32033956622418946      -0.31791526092849404      -0.31046856371694176      -0.29714691998631476      -0.27709066355850753      -0.24945499136370511      -0.21344524009930402      -0.16833613384715621      -0.11352380679671871       -4.8496072264325424E-002  -5.7198690228755152E-013
   8.6876047943913414E-008  -6.6984846431734135E-002 -0.15652373878098982      -0.23281469550506381      -0.29731702636787632      -0.35155517852244444      -0.39665201775995512      -0.43358883012950966      -0.46311424935088907      -0.48583293356975144      -0.50222220204717472      -0.51264364014030628      -0.51736746813713885      -0.51666104473955998      -0.51066634494700336      -0.49931324544921835      -0.48248927330670865      -0.45979154845958387      -0.42963926926352863      -0.38998345486868918      -0.33554692952872595      -0.26119838701367520      -0.16694948531111500       -5.1160147135358443E-002   7.0892289932414351E-002  0.19283686372668490       0.31356788580414030       0.41660968719166747       0.51022696362748754       0.59072146989722962       0.66171185838156032       0.72766703131283850       0.78909279433693169       0.84718193522920859       0.90215148224379971       0.95379911399834816        1.0021967344066314        1.0469654627877401        1.0877268859259606        1.1239899429351079        1.1551606294179724        1.1805889823523696        1.1995505639379629        1.2112987333432359        1.2150837978586257        1.2102214753039495        1.1961375183844227        1.1724381220617566        1.1389257105068291        1.0956862802496929        1.0431321801297218       0.98195560956501138       0.91326131246505637       0.83854527313574856       0.75956917927808354       0.67851419818238290       0.59761745297776958       0.51926977532330165       0.44543596745235875       0.37776544831894521       0.31699976610849012       0.26356082502958617       0.21707148669273402       0.17699662499926511       0.14257297780497794       0.11293157939010527        8.7312775273857057E-002   6.5016263548749620E-002   4.5463851779202799E-002   2.8215842153100277E-002   1.2936341187269090E-002  -5.7532776945009852E-004  -1.2454985939033193E-002  -2.2753618193298717E-002  -3.1484056376839459E-002  -3.8686389337773047E-002  -4.4404814174332619E-002  -4.8758914036622122E-002  -5.1942757439617175E-002  -5.4183722706162681E-002  -5.5760704202895160E-002  -5.6912554164137048E-002  -5.7859137023072937E-002  -5.8769072734087512E-002  -5.9748344595292588E-002  -6.0840824278693015E-002  -6.2032658210262569E-002  -6.3253388259429166E-002  -6.4384144058599144E-002  -6.5302227062361468E-002  -6.5869901766860542E-002  -6.6008001605180208E-002  -6.5683841314974040E-002  -6.4949636508949554E-002  -6.3880960450632351E-002  -6.2600091383545761E-002  -6.1230336523281623E-002  -5.9895744834781141E-002  -5.8709899219680568E-002  -5.7762441573936077E-002  -5.7107678202597469E-002  -5.6776262923295705E-002  -5.6756270563197271E-002  -5.7011895093025657E-002  -5.7479305327486269E-002  -5.8075934240759089E-002  -5.8710549249981293E-002  -5.9300023983103682E-002  -5.9760436378487235E-002  -6.0035117875290374E-002  -6.0089629361729686E-002  -5.9930423346438721E-002  -5.9603459067005177E-002  -5.9178143177422218E-002  -5.8733775245030637E-002  -5.8346902823295910E-002  -5.8071993044704874E-002  -5.7946532880725786E-002  -5.7975469566116294E-002  -5.8135755333510328E-002  -5.8378512550986646E-002  -5.8638912004837077E-002  -5.8837863160624733E-002  -5.8908540999003126E-002  -5.8800481521557452E-002  -5.8500520600175722E-002  -5.8022748698960465E-002  -5.7408074796336112E-002  -5.6705701622011224E-002  -5.5968966375632298E-002  -5.5252824955698297E-002  -5.4602442198962854E-002  -5.4055278633106003E-002  -5.3632330107210552E-002  -5.3341417684084062E-002  -5.3174899856710020E-002  -5.3113871432445177E-002  -5.3130103372746595E-002  -5.3192364460882276E-002  -5.3264991883281133E-002  -5.3315363155453564E-002  -5.3308813139598663E-002  -5.3223115741132185E-002  -5.3048197248361954E-002  -5.2796935693414336E-002  -5.2494254778342915E-002  -5.2179576566232434E-002  -5.1887410355577937E-002  -5.1655930953559331E-002  -5.1505704753940958E-002  -5.1452628426769703E-002  -5.1489343602803009E-002  -5.1602344952212290E-002  -5.1756412767904804E-002  -5.1915815774540894E-002  -5.2033648488970220E-002  -5.2075338344773604E-002  -5.2011915252975306E-002  -5.1840222400304482E-002  -5.1567313153965809E-002  -5.1219019386126746E-002  -5.0819548127940824E-002  -5.0401645119048211E-002  -4.9989466588313033E-002  -4.9611420895929799E-002  -4.9284729267116058E-002  -4.9026885355851889E-002  -4.8844457400278173E-002  -4.8743378826251217E-002  -4.8720984505987497E-002  -4.8775035897005485E-002  -4.8897385046083174E-002  -4.9080332645433065E-002  -4.9309930484741117E-002  -4.9572133635643563E-002  -4.9851705121188229E-002  -5.0140610650961051E-002  -5.0438602663100462E-002  -5.0755194549485877E-002  -5.1105500868205062E-002  -5.1508052474690397E-002  -5.1980073229093822E-002  -5.2535483542686348E-002  -5.3183070040464124E-002  -5.3924244285246226E-002  -5.4756334935201267E-002  -5.5671403759104718E-002  -5.6663191973831566E-002  -5.7728059392450126E-002  -5.8874053813947044E-002  -6.0118741948926017E-002  -6.1494100412008187E-002  -6.3037235805475891E-002  -6.4793027230056172E-002  -6.6804271453851927E-002  -6.9117894188278670E-002  -7.1776041246702796E-002  -7.4823649444177576E-002  -7.8299937753879792E-002  -8.2246117310876041E-002  -8.6697657292880051E-002  -9.1692129324402280E-002  -9.7261037784012516E-002 -0.10343746824714226      -0.11024693579192846      -0.11771301909819527      -0.12584784381586356      -0.13465741427275932      -0.14413503497595542      -0.15426789533764124      -0.16503110393452189      -0.17639026829644902      -0.18829232346069652      -0.20066356817104666      -0.21339971551250606      -0.22636213843368447      -0.23936925014302587      -0.25219312236493813      -0.26455315383699007      -0.27611462507773504      -0.28648569497810794      -0.29521788055724579      -0.30180460551743754      -0.30568293135554298      -0.30623358884299567      -0.30278627897349630      -0.29462913989128842      -0.28102201647175384      -0.26121581532586607      -0.23447398021720242      -0.20009889391110416      -0.15744838126174546      -0.10597700151264330       -4.5210847553461976E-002  -5.8264504332396565E-013
   8.0614887324240743E-008  -6.9315414655252192E-002 -0.16186624722762089      -0.24063885433559795      -0.30720685317511465      -0.36319972563178998      -0.40979535526411015      -0.44800571029033015      -0.47858415223256801      -0.50213456897136899      -0.51911089493923146      -0.52986148391975230      -0.53472800263857589      -0.53400536259569176      -0.52787155609031322      -0.51663554690725788      -0.50051482276375725      -0.47906951583748525      -0.45188989454984524      -0.41831999376582329      -0.37124711804397575      -0.30413816752926837      -0.20691942696055882       -8.7267701531723141E-002   3.8528329248406136E-002  0.16093817347152353       0.27954131377603580       0.38016425024333367       0.46526524737510433       0.53716515405922349       0.60300740785376061       0.66523994643520856       0.72509669124246645       0.78306313651269177       0.83868740504155959       0.89212116829798149       0.94298168791532011       0.99075353212930717        1.0351633757800096        1.0755468561214729        1.1112479630401129        1.1415018698595443        1.1654644857965830        1.1822578087726581        1.1909931821429565        1.1908734134245953        1.1812168689417135        1.1615805007110032        1.1317975034665084        1.0920144058936549        1.0427475714706036       0.98485169046317222       0.91951513069674595       0.84827556288614470       0.77290967684317002       0.69541347631018380       0.61787116970093181       0.54221202740067420       0.47023824831548067       0.40324895645490838       0.34217625291685255       0.28745300382120892       0.23902485092543430       0.19662182810931822       0.15966470194071791       0.12753785643313081        9.9599030912388295E-002   7.5237421234102833E-002   5.3931644591596800E-002   3.5258383073871663E-002   1.8882598961912547E-002   4.5715150324958844E-003  -7.8282361670304248E-003  -1.8431108475765109E-002  -2.7311382743397398E-002  -3.4570648449208569E-002  -4.0336082030191248E-002  -4.4793303749810505E-002  -4.8140334067602493E-002  -5.0605091215818271E-002  -5.2410766498199632E-002  -5.3760515977802036E-002  -5.4842162159326552E-002  -5.5795995415881761E-002  -5.6723427775572238E-002  -5.7680884086595247E-002  -5.8678505473923177E-002  -5.9695351825050071E-002  -6.0673101336131907E-002  -6.1545065648114579E-002  -6.2238031399896865E-002  -6.2686050600249940E-002  -6.2843226261198315E-002  -6.2698215982570540E-002  -6.2271688108530066E-002  -6.1633623223942814E-002  -6.0866553006824059E-002  -6.0073090091731618E-002  -5.9343073346653605E-002  -5.8754658119844386E-002  -5.8359213926186794E-002  -5.8183324274501722E-002  -5.8218118381820977E-002  -5.8429260598705103E-002  -5.8752710082302255E-002  -5.9113684403025724E-002  -5.9421099073366172E-002  -5.9602413789415415E-002  -5.9598022317728885E-002  -5.9391384341540739E-002  -5.8989518136363543E-002  -5.8434037584505508E-002  -5.7772995789561910E-002  -5.7066260580163931E-002  -5.6371924619204275E-002  -5.5743671295650658E-002  -5.5221952750673209E-002  -5.4834903381931963E-002  -5.4590491660440971E-002  -5.4484875982491202E-002  -5.4495457999244920E-002  -5.4594443435417417E-002  -5.4743943182833980E-002  -5.4907278721129570E-002  -5.5045822069995427E-002  -5.5126867405616099E-002  -5.5125498779981234E-002  -5.5035902218416234E-002  -5.4868030046138799E-002  -5.4649116325286656E-002  -5.4412620161170946E-002  -5.4191637657858421E-002  -5.4014727503569962E-002  -5.3897095284116757E-002  -5.3841171298775546E-002  -5.3833493104127952E-002  -5.3848073685968494E-002  -5.3847325865701130E-002  -5.3793019102489098E-002  -5.3647145118294527E-002  -5.3388164061379154E-002  -5.3007757266360894E-002  -5.2519577251551659E-002  -5.1944606273105855E-002  -5.1315656129441910E-002  -5.0663282457232332E-002  -5.0022580259170828E-002  -4.9421190744163707E-002  -4.8887525598946560E-002  -4.8436915251181281E-002  -4.8084554353430523E-002  -4.7830828963880599E-002  -4.7676594145758457E-002  -4.7610524920147154E-002  -4.7623796510242754E-002  -4.7698375136573629E-002  -4.7820668022365481E-002  -4.7967963319569783E-002  -4.8123079142380780E-002  -4.8264485044076252E-002  -4.8383145141067153E-002  -4.8473097061813054E-002  -4.8542704084746084E-002  -4.8600316044446937E-002  -4.8662184662565625E-002  -4.8737195516857387E-002  -4.8835406166560791E-002  -4.8955471298717253E-002  -4.9093120127285811E-002  -4.9233624653954568E-002  -4.9361357895990811E-002  -4.9455762087407810E-002  -4.9502844143584010E-002  -4.9493162527594961E-002  -4.9430202396224109E-002  -4.9324834353157404E-002  -4.9196850087702255E-002  -4.9067755864964140E-002  -4.8961155910386703E-002  -4.8899319598178559E-002  -4.8903842492172354E-002  -4.8994301080109624E-002  -4.9188565828036386E-002  -4.9502960989495332E-002  -4.9952092225174140E-002  -5.0550273259457726E-002  -5.1310174448965427E-002  -5.2244892085490643E-002  -5.3364632002072178E-002  -5.4679396387729694E-002  -5.6195642681038993E-002  -5.7922415091339732E-002  -5.9869576456650267E-002  -6.2055081276331865E-002  -6.4500320603706612E-002  -6.7235015790226740E-002  -7.0289220771568905E-002  -7.3697732635431765E-002  -7.7491335132296085E-002  -8.1701726021566223E-002  -8.6353447117273913E-002  -9.1469953741450366E-002  -9.7066834749240216E-002 -0.10315923507058200      -0.10975661690786057      -0.11687081465900027      -0.12451117542289100      -0.13269022339460260      -0.14141576116192714      -0.15069199039515052      -0.16050967564355395      -0.17084603047829711      -0.18165606128612508      -0.19287241560347693      -0.20439777147886887      -0.21610361639181314      -0.22782318367706753      -0.23934930280085814      -0.25042758549749167      -0.26075392007719345      -0.26996857005051045      -0.27765529410246509      -0.28333911930561551      -0.28649050762691464      -0.28653009529142032      -0.28283813559687687      -0.27476469319356017      -0.26164416536481394      -0.24280961134982229      -0.21761040499492157      -0.18543282649384094      -0.14571139898437602       -9.7960537159162017E-002  -4.1754452434131985E-002  -5.0448534239026294E-013
   7.4365184152830827E-008  -7.0689252907544520E-002 -0.16494568191651535      -0.24505639171811483      -0.31269550441484917      -0.36957795354304540      -0.41691321431694722      -0.45571604148088307      -0.48671413715212086      -0.51046121024981184      -0.52733751734604117      -0.53767208082933227      -0.54177581779039152      -0.53985337609400075      -0.53226326452106343      -0.51956055973773640      -0.50189303676071573      -0.47928963646359618      -0.45241329936822161      -0.42076707353552251      -0.38195049611956489      -0.32981078508526285      -0.23172636530927460      -0.10065364571725240        1.7111289948700831E-002  0.12627489001095873       0.23519365813242288       0.33628663267938341       0.40408084590702475       0.46489342181187626       0.52740921573443289       0.58656026474994372       0.64695603087791687       0.70549458375979479       0.76241916010348265       0.81821010394967231       0.87182990917604741       0.92312937621000135       0.97154214988030563        1.0162940985945759        1.0568194729612901        1.0921898373261805        1.1214758983867754        1.1436178856363595        1.1576056007474376        1.1624816265848443        1.1574622973032143        1.1420361190035515        1.1160589508397400        1.0797434871040508        1.0337403816140791       0.97905119473398128       0.91699663747113391       0.84916705638920487       0.77733764792212601       0.70336001017790928       0.62914038177074627       0.55642883498431461       0.48681397331855580       0.42148709700494563       0.36132929674019126       0.30674870659400150       0.25787532490989939       0.21453722964708580       0.17635775335284887       0.14288468390552908       0.11358642822389066        8.7956194185928788E-002   6.5523656352156220E-002   4.5878780126458407E-002   2.8681340197198261E-002   1.3656211007644340E-002   5.9354571439302836E-004  -1.0673687803166642E-002  -2.0283192318883057E-002  -2.8352247152053766E-002  -3.5005970701996091E-002  -4.0382633077915883E-002  -4.4641400611756497E-002  -4.7968424992216124E-002  -5.0551107250700660E-002  -5.2575853482074768E-002  -5.4207747423646924E-002  -5.5579159002820573E-002  -5.6789205001482206E-002  -5.7895886368780743E-002  -5.8915524934095166E-002  -5.9833286750770723E-002  -6.0608588397356902E-002  -6.1185332339732508E-002  -6.1513358038592016E-002  -6.1558229310908388E-002  -6.1316168892613002E-002  -6.0812081608315680E-002  -6.0096450615023035E-002  -5.9235598734709703E-002  -5.8300045429507022E-002  -5.7368013039404496E-002  -5.6504615420813052E-002  -5.5769429681004387E-002  -5.5200553263417385E-002  -5.4820409106672206E-002  -5.4628327708152916E-002  -5.4610441751033613E-002  -5.4730666997008647E-002  -5.4950410861289302E-002  -5.5217958858776922E-002  -5.5487681387416207E-002  -5.5711540499737970E-002  -5.5855013152829036E-002  -5.5891160202930321E-002  -5.5818994086069565E-002  -5.5650369151545975E-002  -5.5419546589325103E-002  -5.5162780566330012E-002  -5.4920356963533000E-002  -5.4723054134379098E-002  -5.4592275423861469E-002  -5.4531158790465641E-002  -5.4531150424455721E-002  -5.4565505088555795E-002  -5.4600429817126366E-002  -5.4595897292168953E-002  -5.4516636798001901E-002  -5.4337462228895017E-002  -5.4050523562237551E-002  -5.3663465359328713E-002  -5.3196430466005418E-002  -5.2675900370135420E-002  -5.2131994009144131E-002  -5.1593573442263785E-002  -5.1087411715283110E-002  -5.0634791429391798E-002  -5.0249488855580525E-002  -4.9938837285122661E-002  -4.9701144022141194E-002  -4.9530411390708858E-002  -4.9413259893366354E-002  -4.9335808175995491E-002  -4.9278970008815738E-002  -4.9225377353839236E-002  -4.9154402272132511E-002  -4.9052961453185738E-002  -4.8911105038528170E-002  -4.8733346454280423E-002  -4.8528324127030169E-002  -4.8315730504814546E-002  -4.8112688961464110E-002  -4.7939902807739361E-002  -4.7808408176550646E-002  -4.7727859953506320E-002  -4.7693903578346748E-002  -4.7699561306030890E-002  -4.7724731829906261E-002  -4.7750242822100129E-002  -4.7749322993189292E-002  -4.7704235147374895E-002  -4.7598313372142952E-002  -4.7430625247354141E-002  -4.7203697992094146E-002  -4.6932684938181674E-002  -4.6630708617642319E-002  -4.6317314282307634E-002  -4.6006545360687823E-002  -4.5715900524530770E-002  -4.5455907671038444E-002  -4.5239141063812424E-002  -4.5071004728982254E-002  -4.4958658023158446E-002  -4.4903019865232319E-002  -4.4906842136514219E-002  -4.4967487254390377E-002  -4.5083289376613364E-002  -4.5247103080776570E-002  -4.5452443015593376E-002  -4.5690259796599297E-002  -4.5956019459445586E-002  -4.6247694414855815E-002  -4.6569726271294090E-002  -4.6929345124502045E-002  -4.7336970254532783E-002  -4.7803027736519586E-002  -4.8337062895317556E-002  -4.8946231712351067E-002  -4.9634857703006602E-002  -5.0405147518660848E-002  -5.1257558097721014E-002  -5.2194289786939949E-002  -5.3219872434283187E-002  -5.4346097885055636E-002  -5.5590509136192227E-002  -5.6979398273313484E-002  -5.8542471190757742E-002  -6.0314771556455052E-002  -6.2330649729216675E-002  -6.4627250426869551E-002  -6.7239081369751472E-002  -7.0202670687418048E-002  -7.3550981065701404E-002  -7.7318791530499073E-002  -8.1536840890868281E-002  -8.6237253369613298E-002  -9.1447416697297210E-002  -9.7194669760729893E-002 -0.10349956475238606      -0.11037949273034196      -0.11784164341117367      -0.12588660821120420      -0.13450274319179123      -0.14367022169824673      -0.15335569247369302      -0.16351433175252475      -0.17408279663579329      -0.18497872213407490      -0.19609286222327632      -0.20728760065364854      -0.21838977996506134      -0.22918954723274451      -0.23943508598127819      -0.24883291370973717      -0.25704497015367644      -0.26369069601038375      -0.26834614293817316      -0.27054708701042046      -0.26979047226798286      -0.26554083543738138      -0.25723603571799969      -0.24429923428708011      -0.22615042722431258      -0.20222089613948152      -0.17197006258375480      -0.13489504204041486       -9.0555640381558625E-002  -3.8558379969356953E-002  -6.6080474425766865E-013
   6.8126899350198588E-008  -7.1052493899798591E-002 -0.16564717910657653      -0.24591741941267867      -0.31362115455166850      -0.37053798078160216      -0.41788453274100118      -0.45664693399269057      -0.48748551316490846      -0.51085076734049950      -0.52702283404765937      -0.53623108382751028      -0.53860171171768345      -0.53436136948185864      -0.52398769883501839      -0.50765948599217448      -0.48571509639410299      -0.45941579534634103      -0.42870724810954519      -0.39154123692151005      -0.35221719428157644      -0.30868159889728353      -0.22824073456872809       -6.7876908323819610E-002   5.6154162621427613E-003   6.9379730756859728E-002  0.17988948467163812       0.25853034953254683       0.31043566963467961       0.37130725514761598       0.43176634512959294       0.49121050878687716       0.55312036067210002       0.61240181126099502       0.67270200609932174       0.73114880119455417       0.78786362256939024       0.84312718639971318       0.89578108205816342       0.94545135561617188       0.99134977913051792        1.0324042058179534        1.0676744930456838        1.0958975292120108        1.1159084885495534        1.1264519481930866        1.1266295286912238        1.1157858188079561        1.0937962568024933        1.0609392058846880        1.0180124766736549       0.96621723269461202       0.90701780904465534       0.84210657689780710       0.77329749884146426       0.70239745222955419       0.63115754598118257       0.56118337025525944       0.49383960779209479       0.43023070679148029       0.37114887575214078       0.31706155272382774       0.26817362845328541       0.22441336617581081       0.18555486378751182       0.15124468205533387       0.12106104088630437        9.4580063318614710E-002   7.1384973189430601E-002   5.1102661017362258E-002   3.3412116258162615E-002   1.8044875383093326E-002   4.7769678530037206E-003  -6.5722026704812756E-003  -1.6170126600505322E-002  -2.4171714337694081E-002  -3.0744390826849020E-002  -3.6058569631840474E-002  -4.0297993230656179E-002  -4.3641804405232958E-002  -4.6264879413831839E-002  -4.8331413237755756E-002  -4.9984372282710680E-002  -5.1344353380512651E-002  -5.2503628916844881E-002  -5.3525035904170022E-002  -5.4445107064498330E-002  -5.5274281756380585E-002  -5.6006155603130332E-002  -5.6620588450488826E-002  -5.7092121694734863E-002  -5.7396681719538017E-002  -5.7515986874231727E-002  -5.7446153034558689E-002  -5.7201681898095644E-002  -5.6816136311226222E-002  -5.6337226685179639E-002  -5.5821265151736743E-002  -5.5320609385219405E-002  -5.4884585238133839E-002  -5.4544983669811288E-002  -5.4321815828029453E-002  -5.4212413146194405E-002  -5.4201602031362990E-002  -5.4254300439876280E-002  -5.4330166671071656E-002  -5.4381122830193127E-002  -5.4367221178637133E-002  -5.4256553787326307E-002  -5.4038021739074654E-002  -5.3713841986283400E-002  -5.3303473285669353E-002  -5.2831083019172352E-002  -5.2329850933167825E-002  -5.1829084712919256E-002  -5.1360530411644532E-002  -5.0946485109524736E-002  -5.0605417176233534E-002  -5.0344362628085136E-002  -5.0164597337778477E-002  -5.0057652505796003E-002  -5.0011121141496098E-002  -5.0006846865933666E-002  -5.0025867167438343E-002  -5.0046608380266380E-002  -5.0049760115230740E-002  -5.0019363065810125E-002  -4.9947610066546660E-002  -4.9835781869685743E-002  -4.9693367166417930E-002  -4.9534899976279266E-002  -4.9376295918350244E-002  -4.9230905056174043E-002  -4.9106636852598723E-002  -4.9004885272503775E-002  -4.8917736153512581E-002  -4.8831960604408385E-002  -4.8727422633924301E-002  -4.8584254078614768E-002  -4.8383029820272483E-002  -4.8113453323599682E-002  -4.7771716277954547E-002  -4.7366192532960184E-002  -4.6908975548082217E-002  -4.6419855026316105E-002  -4.5916329700250988E-002  -4.5420195303737206E-002  -4.4947362341383752E-002  -4.4515779016062254E-002  -4.4135436248474838E-002  -4.3817022289593242E-002  -4.3562650496966164E-002  -4.3375740391021829E-002  -4.3251397406559804E-002  -4.3187498612326111E-002  -4.3174358635111758E-002  -4.3205462614928900E-002  -4.3266920783794002E-002  -4.3348763629087614E-002  -4.3436221125837685E-002  -4.3522395671407352E-002  -4.3599666362617549E-002  -4.3669970570898824E-002  -4.3734069746441492E-002  -4.3798988909840748E-002  -4.3867389372308135E-002  -4.3944186228599316E-002  -4.4027255123757839E-002  -4.4114825008193442E-002  -4.4198126778026196E-002  -4.4269748891627062E-002  -4.4318868538042219E-002  -4.4339801281901799E-002  -4.4328629093149267E-002  -4.4289728176489684E-002  -4.4230829702718806E-002  -4.4165869461978223E-002  -4.4109367140475274E-002  -4.4078306657558873E-002  -4.4088368463681277E-002  -4.4155888300103516E-002  -4.4295822427961075E-002  -4.4523102143741458E-002  -4.4851931705116095E-002  -4.5296330666663540E-002  -4.5870319720000087E-002  -4.6587372400527863E-002  -4.7461083923458554E-002  -4.8503372292610425E-002  -4.9725929793767498E-002  -5.1138323358013819E-002  -5.2751559503881898E-002  -5.4576740867461136E-002  -5.6629590825209394E-002  -5.8927595122313568E-002  -6.1493455600789726E-002  -6.4350301711340013E-002  -6.7524571808219913E-002  -7.1040436405278837E-002  -7.4923029121217594E-002  -7.9192893037352136E-002  -8.3869980197326319E-002  -8.8968759789184004E-002  -9.4502990716757121E-002 -0.10048157651461821      -0.10691361853018595      -0.11380411846227985      -0.12115758636515103      -0.12897194816049520      -0.13723966910655461      -0.14594043858017966      -0.15504130421446438      -0.16448986516608230      -0.17421432401346718      -0.18411724289923939      -0.19407531678962586      -0.20393344925112286      -0.21350416673234779      -0.22256219857531187      -0.23084398128780734      -0.23804350493397966      -0.24381325171533286      -0.24776313682963169      -0.24946503939952006      -0.24845590140202994      -0.24424635720010429      -0.23632741549158409      -0.22418156342645232      -0.20729257950815869      -0.18515735633710115      -0.15729850803740753      -0.12327199848841967       -8.2685426490664751E-002  -3.5186061584481045E-002  -6.7856831265169166E-013
   6.1898935132948061E-008  -7.0321563144170943E-002 -0.16378229282113901      -0.24295459331466029      -0.30966292100053999      -0.36573002502337704      -0.41235314103797877      -0.45045980455306961      -0.48060341083173619      -0.50308759132845104      -0.51804209854939642      -0.52546821305484381      -0.52531177998571832      -0.51782138318394655      -0.50314938929193709      -0.48134871586094241      -0.45330588051972220      -0.41954028572516383      -0.37911205056398584      -0.33217220415649545      -0.27933897919379658      -0.21139947641934892      -0.12914840493793955        1.9454835526621386E-002  -1.1400258896954922E-002  -3.4176535648448213E-002   7.5254064527677217E-002  0.11913462012139185       0.18643806191344187       0.25162289835412899       0.31140133043272661       0.38096194798854005       0.44378259011715515       0.50562761048068383       0.56971607384506995       0.63050732478271831       0.69200699918755249       0.75133088491616118       0.80836836901641784       0.86327628493237651       0.91472279805781187       0.96192544263709079        1.0036365052259097        1.0384282561927072        1.0648842874045166        1.0815083762408033        1.0871922405149381        1.0810592715876193        1.0629446520205093        1.0333474589263187       0.99320193693641301       0.94397636482994352       0.88737532759920157       0.82521423784289794       0.75935394091814412       0.69157853085676158       0.62351875886641350       0.55664489286604679       0.49218475844605364       0.43112437347708810       0.37415567369766528       0.32172606253368685       0.27402851681947926       0.23105819698706756       0.19266087981359870       0.15856166029150653       0.12842739138749606       0.10189507856029675        7.8597597087227078E-002   5.8192514701916095E-002   4.0364714797610876E-002   2.4840518528111501E-002   1.1377992831819643E-002  -2.2731146280092059E-004  -1.0157678583709501E-002  -1.8573952062656360E-002  -2.5629076885115249E-002  -3.1469776944385415E-002  -3.6249002411978544E-002  -4.0118068401191510E-002  -4.3231333919221085E-002  -4.5732578489669086E-002  -4.7752488639975860E-002  -4.9402211548014593E-002  -5.0768488739553516E-002  -5.1912146643731547E-002  -5.2870138733324606E-002  -5.3656178360904541E-002  -5.4267676039782595E-002  -5.4693635078716885E-002  -5.4920556592272990E-002  -5.4943824311699113E-002  -5.4769655006793455E-002  -5.4420328359359595E-002  -5.3927369752355403E-002  -5.3332348954834463E-002  -5.2679223904871252E-002  -5.2013928089005033E-002  -5.1377770252313396E-002  -5.0807976899603674E-002  -5.0329411159156692E-002  -4.9960217809593734E-002  -4.9703252157250168E-002  -4.9554682255870633E-002  -4.9498438340861373E-002  -4.9514889093164656E-002  -4.9577222255827821E-002  -4.9660434486142810E-002  -4.9736469512124591E-002  -4.9784025648743589E-002  -4.9784849334594976E-002  -4.9733190796233895E-002  -4.9630691255090773E-002  -4.9490820459844147E-002  -4.9329299031690914E-002  -4.9166641506806129E-002  -4.9017286341262220E-002  -4.8893544613372086E-002  -4.8797288049139527E-002  -4.8724432470863902E-002  -4.8661422329933604E-002  -4.8591301638050283E-002  -4.8492943314156114E-002  -4.8349103365377837E-002  -4.8146685017420740E-002  -4.7882325797698834E-002  -4.7559791714449511E-002  -4.7190386914525109E-002  -4.6788638036287335E-002  -4.6371105174112179E-002  -4.5954291126475144E-002  -4.5553124698716432E-002  -4.5180236330482314E-002  -4.4844457278878182E-002  -4.4551454891017916E-002  -4.4302382136199615E-002  -4.4096066402001588E-002  -4.3927255145170846E-002  -4.3789928091705448E-002  -4.3674377714825734E-002  -4.3571411739901533E-002  -4.3469107924844257E-002  -4.3359318358320298E-002  -4.3234661632640142E-002  -4.3095467594320987E-002  -4.2943864527526285E-002  -4.2789098320835384E-002  -4.2638609557578269E-002  -4.2503509305418900E-002  -4.2388873014051406E-002  -4.2300278381889503E-002  -4.2234688216894793E-002  -4.2188715727794077E-002  -4.2150518234608074E-002  -4.2110026501914366E-002  -4.2051971698614216E-002  -4.1967332035707655E-002  -4.1846537334417837E-002  -4.1689810140642942E-002  -4.1498089510736212E-002  -4.1280684567769850E-002  -4.1044797175752268E-002  -4.0802784312332134E-002  -4.0562690902381772E-002  -4.0335963224923999E-002  -4.0129108996225994E-002  -3.9951206139137836E-002  -3.9806538285955317E-002  -3.9701673930867022E-002  -3.9638818156627280E-002  -3.9622140090982978E-002  -3.9651579363755261E-002  -3.9728153616385271E-002  -3.9848554611111170E-002  -4.0010291743160835E-002  -4.0208283925271565E-002  -4.0440262563164027E-002  -4.0704404516644421E-002  -4.1003050110839843E-002  -4.1339742426859200E-002  -4.1720903657201720E-002  -4.2152892521136437E-002  -4.2642724128565963E-002  -4.3196258790454946E-002  -4.3818626945614635E-002  -4.4514200071617188E-002  -4.5287188720285705E-002  -4.6143306778407445E-002  -4.7090375171142833E-002  -4.8140790751260848E-002  -4.9310695875834837E-002  -5.0621669369872599E-002  -5.2097683052409742E-002  -5.3766344694218107E-002  -5.5655125779421298E-002  -5.7793544590802742E-002  -6.0209521464020081E-002  -6.2932410404099734E-002  -6.5989302243237499E-002  -6.9408410195258258E-002  -7.3215131886192539E-002  -7.7435425434037752E-002  -8.2091355780962966E-002  -8.7204089907217605E-002  -9.2788823322014949E-002  -9.8857190791786079E-002 -0.10541199606045928      -0.11244963325673157      -0.11995543880064864      -0.12790631397068802      -0.13626619654733335      -0.14498765659480581      -0.15400647499604170      -0.16324181125504653      -0.17259028947513910      -0.18192556222411907      -0.19109288715813000      -0.19990909192419909      -0.20815847998370937      -0.21559393436029634      -0.22193466828606523      -0.22686866443926038      -0.23005201408772896      -0.23111272391416063      -0.22965179103561104      -0.22524905789410649      -0.21746737397238841      -0.20586117561961284      -0.18998385350695837      -0.16939782076623022      -0.14368420981693311      -0.11244973112859570       -7.5340963292903920E-002  -3.2035242511400483E-002  -4.9027448767504428E-013
   5.5680595172502105E-008  -6.8449826509418554E-002 -0.15925600598727921      -0.23605277277104528      -0.30071128338135089      -0.35507197034991494      -0.40028890929090954      -0.43720846764289489      -0.46624176457269328      -0.48750090674911217      -0.50087037170726667      -0.50606108610916523      -0.50291665945662312      -0.49133080483891944      -0.47106725638818053      -0.44288646169775708      -0.40731187984075379      -0.36302102461940400      -0.31088559807357347      -0.25294038411534148      -0.18104705476005770       -8.5861273191006254E-002   2.1389147836666221E-003  -9.0173318995515790E-003   3.6103464538515264E-004   1.8633580081768304E-002   4.2677286948040835E-002   9.8017003907336208E-003   5.6631349659199554E-002  0.10793372979395857       0.18148393440750923       0.25299129304911588       0.31579662882976861       0.38799041154138481       0.45340500105417353       0.51764759895040680       0.58376054787395859       0.64628148101930205       0.70908929698498457       0.76935538224331457       0.82652433552812865       0.88036806955153757       0.92912915547495145       0.97139611131289860        1.0051143657989829        1.0286556347449263        1.0403261437401881        1.0392024781554039        1.0249249389561605       0.99826246041500555       0.96045606094200031       0.91325194358024708       0.85872649354212760       0.79888977367336722       0.73565042039279072       0.67077990788782904       0.60582168967266281       0.54208076478062595       0.48063153296072869       0.42231960178508748       0.36775608519660258       0.31734369158604075       0.27127429550066096       0.22958086056630445       0.19215072208264272       0.15877488139854953       0.12918077200371403       0.10305945800093252        8.0094090821601113E-002   5.9980093320836196E-002   4.2430469211143428E-002   2.7189789449908318E-002   1.4027835405514451E-002   2.7402269045882104E-003  -6.8604239245994153E-003  -1.4948985556743725E-002  -2.1695619338701882E-002  -2.7265463171527657E-002  -3.1819938195022608E-002  -3.5512368693684168E-002  -3.8488635538266161E-002  -4.0880313905334184E-002  -4.2806489118997058E-002  -4.4367485336572275E-002  -4.5645850951260711E-002  -4.6704704426752043E-002  -4.7588908056218661E-002  -4.8327504733982250E-002  -4.8935563799214460E-002  -4.9419270609768938E-002  -4.9777700573320260E-002  -5.0008339607014965E-002  -5.0108520495182919E-002  -5.0082143039528119E-002  -4.9939114617895207E-002  -4.9700619001161309E-002  -4.9392965269227547E-002  -4.9048917176602237E-002  -4.8699382842447667E-002  -4.8373723877734476E-002  -4.8092251259511165E-002  -4.7868774848973616E-002  -4.7704087677327561E-002  -4.7591760047588756E-002  -4.7513993821112904E-002  -4.7450118501321074E-002  -4.7374148460832349E-002  -4.7265470027751111E-002  -4.7106257021517037E-002  -4.6890483015398776E-002  -4.6617752613129768E-002  -4.6298174879944851E-002  -4.5943817371934717E-002  -4.5572288045935633E-002  -4.5199394153228302E-002  -4.4842641509094103E-002  -4.4514586745174535E-002  -4.4226874044087219E-002  -4.3984546884808108E-002  -4.3790797611880740E-002  -4.3642614819353026E-002  -4.3535708544649193E-002  -4.3461151086437493E-002  -4.3409682806340076E-002  -4.3369093615006953E-002  -4.3328369137299573E-002  -4.3276811807913186E-002  -4.3208201755549180E-002  -4.3119966444412412E-002  -4.3014582296103165E-002  -4.2897250408126406E-002  -4.2774478134380255E-002  -4.2652283062908858E-002  -4.2533914297642819E-002  -4.2419564941880081E-002  -4.2304881371550210E-002  -4.2182633290452201E-002  -4.2042127940209034E-002  -4.1873317662390996E-002  -4.1666266395502881E-002  -4.1416464402681388E-002  -4.1122507182391459E-002  -4.0790078142104086E-002  -4.0426502648852357E-002  -4.0043977090516041E-002  -3.9653118774690695E-002  -3.9267301846403778E-002  -3.8896190450726405E-002  -3.8551203142315679E-002  -3.8238647610320385E-002  -3.7966317367722768E-002  -3.7736361420651052E-002  -3.7552632103592658E-002  -3.7413490633859382E-002  -3.7319362465466972E-002  -3.7265233682482517E-002  -3.7248208706634457E-002  -3.7259847901496848E-002  -3.7294322221495722E-002  -3.7341718836334352E-002  -3.7396926583250951E-002  -3.7453130106632711E-002  -3.7509623844441724E-002  -3.7564181106475317E-002  -3.7619449548190916E-002  -3.7674914683298213E-002  -3.7732806601690060E-002  -3.7790833913036059E-002  -3.7848115994865941E-002  -3.7899407584801342E-002  -3.7941397419118297E-002  -3.7968401737489769E-002  -3.7978771235919591E-002  -3.7971318427982896E-002  -3.7950419959896155E-002  -3.7921853093296883E-002  -3.7895807263638219E-002  -3.7882528479907855E-002  -3.7894487196337368E-002  -3.7943171160851413E-002  -3.8041131287709973E-002  -3.8199952195514232E-002  -3.8431921925023906E-002  -3.8748869025492079E-002  -3.9163159887422028E-002  -3.9687145980388951E-002  -4.0333258820154642E-002  -4.1113872286434476E-002  -4.2040557014931618E-002  -4.3124617344898405E-002  -4.4376205673174705E-002  -4.5806188103702468E-002  -4.7425401970362560E-002  -4.9247258623493322E-002  -5.1286116530775167E-002  -5.3559526420925860E-002  -5.6085315568283993E-002  -5.8883538905377286E-002  -6.1972863171094218E-002  -6.5372655544657488E-002  -6.9099253681765394E-002  -7.3168512665031105E-002  -7.7592304924111538E-002  -8.2381591629896986E-002  -8.7543181456188640E-002  -9.3082919074499282E-002  -9.9002164213735006E-002 -0.10530010897351740      -0.11196915311378672      -0.11899583174383191      -0.12635538403796515      -0.13401205527949828      -0.14191380706494977      -0.14999257257369294      -0.15815937581194453      -0.16630449613951012      -0.17429294388783681      -0.18196458651442507      -0.18913013421168384      -0.19557161964627875      -0.20103947824008098      -0.20525435285794896      -0.20790633186051521      -0.20865916343734217      -0.20715240382085398      -0.20300806610392577      -0.19583513543198589      -0.18523785779343774      -0.17082174424177707      -0.15220210256154712      -0.12901131756907111      -0.10090431147615649       -6.7568836671813487E-002  -2.8718977718117978E-002  -5.3290705182070017E-013
   4.9471019716179476E-008  -6.5369868930962499E-002 -0.15192384220242472      -0.22501490674037841      -0.28653441816118869      -0.33831737277454732      -0.38146388327457242      -0.41671539831291327      -0.44430994352181180      -0.46414301408993397      -0.47577080824240381      -0.47858511791734487      -0.47215855834591036      -0.45585110229926645      -0.42973336195202216      -0.39454698191653331      -0.34973587626254699      -0.29560527128808178      -0.23437026883457424      -0.16236610598053899       -7.6141992856126939E-002  -1.1924127391546585E-002  -3.6784372293765286E-002  -4.3747589910014879E-002  -4.3522496183118417E-002  -3.1196939699164181E-002  -1.5939919436676150E-002   7.3561938656546630E-003   3.0282179523945647E-002  -1.1116604951289827E-003   5.6697668580875750E-002  0.10675693266611366       0.18271983593505758       0.25616267148508026       0.32094475003122785       0.39592756109801541       0.46362861714740927       0.53003069131887648       0.59821642376542006       0.66271486998015916       0.72680470515093332       0.78749193780205928       0.84356792936045588       0.89369094199179644       0.93541410096301447       0.96664236889660382       0.98464854211652886       0.98850617330722390       0.97784598617150309       0.95346073532451281       0.91735966664887281       0.87170095023746941       0.81889627547597266       0.76125114240234892       0.70075796143822422       0.63910383310689522       0.57770634453077518       0.51770866105339242       0.46001959724763380       0.40533603796562317       0.35415904499304574       0.30680594770772840       0.26343357811690349       0.22406529984461215       0.18860792076903399       0.15689082340040644       0.12868153275236136       0.10371608216566169        8.1715609555010213E-002   6.2403408999037083E-002   4.5513487589241279E-002   3.0800073532846403E-002   1.8037576661330840E-002   7.0234650351796947E-003  -2.4259299017741574E-003  -1.0475724039880020E-002  -1.7278908536060324E-002  -2.2977943856076797E-002  -2.7709732953800595E-002  -3.1605460648541868E-002  -3.4790792303919987E-002  -3.7382081276686137E-002  -3.9485303720775737E-002  -4.1190969573864748E-002  -4.2574599713195570E-002  -4.3694243322479308E-002  -4.4591445365627265E-002  -4.5293598703735775E-002  -4.5816410146807623E-002  -4.6168651860525489E-002  -4.6356281881495931E-002  -4.6387624788132950E-002  -4.6275047756603856E-002  -4.6037639086984078E-002  -4.5698431582291171E-002  -4.5285261317793299E-002  -4.4825830989234886E-002  -4.4349650320695516E-002  -4.3882134943675120E-002  -4.3447126493795819E-002  -4.3061407793161040E-002  -4.2737784780786797E-002  -4.2480755938796133E-002  -4.2291151187102402E-002  -4.2161968156004731E-002  -4.2084788738534218E-002  -4.2045465469014838E-002  -4.2030846794659196E-002  -4.2024507987031307E-002  -4.2013771729186092E-002  -4.1985972981910737E-002  -4.1935703374295648E-002  -4.1860101817262040E-002  -4.1763873208117051E-002  -4.1652621389623015E-002  -4.1535683161399772E-002  -4.1419583192649476E-002  -4.1310528419995628E-002  -4.1208966061875511E-002  -4.1113341967710021E-002  -4.1016226249748870E-002  -4.0909325781390699E-002  -4.0781684455328301E-002  -4.0624963119042394E-002  -4.0432544969164000E-002  -4.0203350012001995E-002  -3.9939612956515248E-002  -3.9647986455722248E-002  -3.9336551637506607E-002  -3.9014981827552656E-002  -3.8692501115898240E-002  -3.8377881998933584E-002  -3.8078571753848094E-002  -3.7800228309248007E-002  -3.7547019731163027E-002  -3.7320762707348062E-002  -3.7122202565300584E-002  -3.6949609204771597E-002  -3.6800779773253037E-002  -3.6670859210576313E-002  -3.6555166546715881E-002  -3.6446767411255535E-002  -3.6340786577807940E-002  -3.6231900469755988E-002  -3.6119211399412092E-002  -3.6002193354559751E-002  -3.5884833917989613E-002  -3.5769923308731508E-002  -3.5663034580808974E-002  -3.5566112538985131E-002  -3.5482196872954619E-002  -3.5409008180687644E-002  -3.5344827062801051E-002  -3.5282642820845665E-002  -3.5217192304250321E-002  -3.5139719903866579E-002  -3.5045772022287480E-002  -3.4929866742188856E-002  -3.4792739950649527E-002  -3.4634774490016625E-002  -3.4461905731001850E-002  -3.4278268388729743E-002  -3.4091775246023415E-002  -3.3907263561463973E-002  -3.3732333960452165E-002  -3.3571141318309891E-002  -3.3430227617318294E-002  -3.3312814818259803E-002  -3.3224317708321974E-002  -3.3167031255715178E-002  -3.3145049340975959E-002  -3.3159263176735523E-002  -3.3211656366269528E-002  -3.3300905428483699E-002  -3.3426565742146308E-002  -3.3585905705592257E-002  -3.3778123454626954E-002  -3.4001958082299867E-002  -3.4258963385273039E-002  -3.4551035181229525E-002  -3.4882355325388054E-002  -3.5257062033507147E-002  -3.5680383262268738E-002  -3.6156992509477896E-002  -3.6691893283146829E-002  -3.7289831666803955E-002  -3.7956172447533160E-002  -3.8697430793761332E-002  -3.9521927334182444E-002  -4.0440873969944453E-002  -4.1468073255490207E-002  -4.2620707986493693E-002  -4.3917708591055690E-002  -4.5380401913428431E-002  -4.7030279744412956E-002  -4.8890210074978811E-002  -5.0982153382545789E-002  -5.3328978841851858E-002  -5.5952044310285720E-002  -5.8873328401405065E-002  -6.2112703444400966E-002  -6.5690056932335497E-002  -6.9622121035472648E-002  -7.3924316357115646E-002  -7.8607093137282744E-002  -8.3677473792032928E-002  -8.9135194277288957E-002  -9.4974277545564742E-002 -0.10117943431074976      -0.10772774153123579      -0.11458506817585884      -0.12170725265969030      -0.12903605344067468      -0.13649956920520281      -0.14400791397639334      -0.15145334588151999      -0.15870630156936821      -0.16561587839093833      -0.17200683218106366      -0.17768094074818006      -0.18241525983098497      -0.18596453479811742      -0.18806069725353669      -0.18841625697064823      -0.18672513478229608      -0.18266743415285780      -0.17591199360784363      -0.16612279859140730      -0.15296327770006657      -0.13610331578211005      -0.11522480921181556       -9.0026506110552129E-002  -6.0231970405535816E-002  -2.5584892119581357E-002  -6.6080474425766865E-013
   4.3269430723332739E-008  -6.1053187252966656E-002 -0.14173697541057279      -0.20978974923401719      -0.26708883443309478      -0.31544257085107141      -0.35589163502562743      -0.38906040802518471      -0.41501438838914201      -0.43340177747271724      -0.44339802917200105      -0.44401465844670035      -0.43418250298715350      -0.41310507394105744      -0.38131866796695002      -0.33817070129679533      -0.28431267268740845      -0.22288710666503206      -0.15226283201748506       -6.8571375913672392E-002  -1.6793941694291589E-002  -5.8170940172221595E-002  -8.1844621071561527E-002  -9.8223399163674077E-002 -0.10218809117894641       -9.5683398650321522E-002  -7.9728858576391989E-002  -5.7260230967416441E-002  -3.5115143269154159E-002  -6.2652825279351666E-003   2.0938858532918367E-002  -3.6116804498674427E-003   5.7221739710620299E-002  0.10771927706793111       0.18559212861308377       0.26090683961918260       0.32749737654437089       0.40504734795999736       0.47538862538479837       0.54422118816701348       0.61495624342976529       0.68167935801660806       0.74650589320814276       0.80521844608173854       0.85607505835962328       0.89548829389229501       0.92085155083852088       0.92973058396855490       0.92229330971722412       0.89941273790521581       0.86407372128394044       0.81929902572312785       0.76783674904605392       0.71221235051259801       0.65452383636727907       0.59633312663305593       0.53883755587847559       0.48297618105393608       0.42946823977897797       0.37885111585516784       0.33150793858053396       0.28767979820939110       0.24748480377586105       0.21093274052973815       0.17794466894901215       0.14837450715334116       0.12202447487100861        9.8669992231555037E-002   7.8069962250361807E-002   5.9983327593465474E-002   4.4176229086395513E-002   3.0429167121876280E-002   1.8537400888807218E-002   8.3135856278043676E-003  -4.1728361349336793E-004  -7.8174120776252822E-003  -1.4041104739415680E-002  -1.9233155077759342E-002  -2.3531236577058693E-002  -2.7062948997589285E-002  -2.9946660979418442E-002  -3.2289303151301310E-002  -3.4186433469845963E-002  -3.5720473289151608E-002  -3.6961262101838394E-002  -3.7965196845924365E-002  -3.8776681782481094E-002  -3.9428787570241555E-002  -3.9945166854386836E-002  -4.0341965447589924E-002  -4.0629507161947555E-002  -4.0814982471924936E-002  -4.0903748883259684E-002  -4.0902788631887434E-002  -4.0821154315581074E-002  -4.0672588002972909E-002  -4.0473180376754202E-002  -4.0242434537532616E-002  -3.9998466513724268E-002  -3.9759241754762004E-002  -3.9537309806269148E-002  -3.9342026702273568E-002  -3.9175170137407622E-002  -3.9034837825404095E-002  -3.8912149858347643E-002  -3.8797015303948183E-002  -3.8675797619668169E-002  -3.8538021842311580E-002  -3.8373989549951623E-002  -3.8180595535928938E-002  -3.7957067210098283E-002  -3.7708786082018199E-002  -3.7441652474827385E-002  -3.7165391425160559E-002  -3.6888100786874344E-002  -3.6619685065783093E-002  -3.6366992980376871E-002  -3.6137182866212404E-002  -3.5933641743625351E-002  -3.5759407881079175E-002  -3.5613810456001031E-002  -3.5495808778175097E-002  -3.5401185986624548E-002  -3.5325514067585648E-002  -3.5261981884731085E-002  -3.5204278285536725E-002  -3.5145546784972510E-002  -3.5081151071654972E-002  -3.5007946253726691E-002  -3.4925583872541244E-002  -3.4835118177636112E-002  -3.4738815219894921E-002  -3.4638722734923862E-002  -3.4535890876082526E-002  -3.4429929265503596E-002  -3.4318135714693228E-002  -3.4196610432935162E-002  -3.4059629185515659E-002  -3.3902150954778741E-002  -3.3719207799834054E-002  -3.3509078394443267E-002  -3.3271520986264957E-002  -3.3010477753648709E-002  -3.2730539376604757E-002  -3.2439391176530379E-002  -3.2143490029573583E-002  -3.1851246615054112E-002  -3.1568539057670375E-002  -3.1302667808162078E-002  -3.1057712407220141E-002  -3.0839054431358051E-002  -3.0648562892193823E-002  -3.0489575029429842E-002  -3.0361777744303608E-002  -3.0266450402580487E-002  -3.0201014817555129E-002  -3.0164370929869351E-002  -3.0151414144112799E-002  -3.0158808159562369E-002  -3.0179996474823462E-002  -3.0211447969085460E-002  -3.0247792476998100E-002  -3.0287602572091937E-002  -3.0327988678343486E-002  -3.0369537863387287E-002  -3.0410682069631816E-002  -3.0452225309216308E-002  -3.0492069130954112E-002  -3.0529789076835918E-002  -3.0562135059145585E-002  -3.0587803054398895E-002  -3.0603842610887305E-002  -3.0610351033524764E-002  -3.0607346726510269E-002  -3.0598659542214728E-002  -3.0588583213982928E-002  -3.0584564695234451E-002  -3.0593851139864743E-002  -3.0625571194253413E-002  -3.0688085608111822E-002  -3.0790882741308093E-002  -3.0942750568815167E-002  -3.1153360929309957E-002  -3.1432053631387485E-002  -3.1788911484352894E-002  -3.2233945330699593E-002  -3.2777524148664132E-002  -3.3429875621891848E-002  -3.4200942165857583E-002  -3.5100413046757033E-002  -3.6137408962169069E-002  -3.7321369795077261E-002  -3.8661716921533626E-002  -4.0169277128858379E-002  -4.1855404098091568E-002  -4.3733321971272776E-002  -4.5816430534290652E-002  -4.8119503439481806E-002  -5.0656430708634022E-002  -5.3441518336080893E-002  -5.6487019029326062E-002  -5.9804724447946121E-002  -6.3403535444030004E-002  -6.7291364888869110E-002  -7.1472758318786453E-002  -7.5950845642726542E-002  -8.0724677254175481E-002  -8.5790672724889883E-002  -9.1139254939952480E-002  -9.6755525710254114E-002 -0.10261537521829583      -0.10868577305240672      -0.11492090104871890      -0.12126243945466746      -0.12763595348466866      -0.13395123597803357      -0.14009898823198794      -0.14595127692787446      -0.15135866159866365      -0.15615105333032192      -0.16013571095791701      -0.16309907846161240      -0.16480629321058524      -0.16500461719093121      -0.16342475054252698      -0.15978586596494021      -0.15379836489659932      -0.14516984822276224      -0.13360873045309507      -0.11883015482362960      -0.10056012000446315       -7.8539401902125050E-002  -5.2529069394981462E-002  -2.2307398062179171E-002  -6.1461946643320802E-013
   3.7074762384795550E-008  -5.5470353215939093E-002 -0.12864002050086221      -0.19030343011372453      -0.24228119724315952      -0.28632166602348730      -0.32340493018564004      -0.35408220248643990      -0.37828476880423839      -0.39533370095002285      -0.40401700262825874      -0.40289544143856004      -0.39004669564115152      -0.36464086811856306      -0.32657429904754476      -0.27554549039530213      -0.21494177104976522      -0.14580341987540302       -6.4957283278975028E-002  -2.0344230367215967E-002  -6.6514219682702810E-002  -9.8952911245231742E-002 -0.12578046543692697      -0.14143907717995730      -0.14735863725950540      -0.14443864643508167      -0.13422115898472450      -0.11835566735230856       -9.7171315712623690E-002  -7.1694649480927991E-002  -4.6941082516203249E-002  -1.5444695401300680E-002   1.4689182295789296E-002  -6.6459974318959971E-003   5.8802765359261093E-002  0.10965066268633515       0.18923437368351576       0.26703893433778692       0.33609872811805058       0.41656578400423117       0.49082426733095652       0.56304607496648607       0.63642943679311481       0.70386865048594582       0.76544556178398526       0.81380322905031777       0.84771085449801087       0.86122015123951945       0.85569603338856048       0.83349238545250914       0.79800403738717318       0.75333731743140786       0.70310200851784088       0.64993378644195898       0.59572755873659888       0.54180780815963825       0.48910286553022170       0.43830707031030647       0.38993707529629629       0.34436247179154900       0.30183607925301698       0.26251103880208143       0.22644872794441995       0.19363184772473277       0.16397882976746656       0.13735664474017134       0.11359379482645378        9.2495261875275944E-002   7.3851263463215119E-002   5.7450210611958250E-002   4.3083252399477003E-002   3.0552085276045176E-002   1.9669850718139207E-002   1.0265157583752248E-002   2.1797459539972608E-003  -4.7298247121973979E-003  -1.0596145324316575E-002  -1.5540603498576350E-002  -1.9677368008966210E-002  -2.3112258595735884E-002  -2.5944760309030535E-002  -2.8265589446188646E-002  -3.0156837876492194E-002  -3.1689992736873535E-002  -3.2925779594297197E-002  -3.3913311534590186E-002  -3.4691208260878723E-002  -3.5288155489585540E-002  -3.5725170132841606E-002  -3.6017959940851565E-002  -3.6179202708211206E-002  -3.6221493587793425E-002  -3.6158235782421479E-002  -3.6005352297213647E-002  -3.5779865531756071E-002  -3.5500692506080081E-002  -3.5186149094410021E-002  -3.4854916946716871E-002  -3.4523166889789320E-002  -3.4206077287002375E-002  -3.3914552989835783E-002  -3.3657714472041363E-002  -3.3439601861055032E-002  -3.3262503955719488E-002  -3.3124007501179997E-002  -3.3020788890764208E-002  -3.2945761373824017E-002  -3.2892167001647973E-002  -3.2850653165308115E-002  -3.2813753975035068E-002  -3.2773269166844692E-002  -3.2724860093090669E-002  -3.2665028038978902E-002  -3.2594672312747333E-002  -3.2514948443303313E-002  -3.2429843954017226E-002  -3.2341622949657978E-002  -3.2253248668318878E-002  -3.2164466341246478E-002  -3.2074484831171507E-002  -3.1979285872093671E-002  -3.1874829276198391E-002  -3.1755435514714887E-002  -3.1617233125640055E-002  -3.1456976297099828E-002  -3.1274608600871154E-002  -3.1071567126194903E-002  -3.0851872165258750E-002  -3.0620151272248940E-002  -3.0382038157942361E-002  -3.0142820371528503E-002  -2.9907654486942409E-002  -2.9680938489405010E-002  -2.9466279111323528E-002  -2.9266526020844320E-002  -2.9083365804529901E-002  -2.8917961445430018E-002  -2.8770034980465015E-002  -2.8639000625723509E-002  -2.8522531471749619E-002  -2.8418297482236298E-002  -2.8322356650662985E-002  -2.8231827547776828E-002  -2.8143145833066589E-002  -2.8055209298161316E-002  -2.7966765397302626E-002  -2.7879352204755660E-002  -2.7793613968687816E-002  -2.7712212668198656E-002  -2.7635596269362357E-002  -2.7565288483396504E-002  -2.7499610745602050E-002  -2.7437660905413226E-002  -2.7375265144471386E-002  -2.7309728730109742E-002  -2.7236047825608747E-002  -2.7152121398788823E-002  -2.7054845678525091E-002  -2.6945059003864427E-002  -2.6822950073416181E-002  -2.6692341211164084E-002  -2.6555635828362317E-002  -2.6417916184330086E-002  -2.6282113896336914E-002  -2.6153244617097168E-002  -2.6033980517387128E-002  -2.5928875561635933E-002  -2.5840237899416228E-002  -2.5772137872022625E-002  -2.5726472978929764E-002  -2.5706594395344048E-002  -2.5713557034882231E-002  -2.5749365387859369E-002  -2.5813654068747451E-002  -2.5906835774591099E-002  -2.6027542768225897E-002  -2.6175741444096637E-002  -2.6350710607148130E-002  -2.6553615985459262E-002  -2.6785566603725525E-002  -2.7049390656980789E-002  -2.7347809801454601E-002  -2.7684647541159926E-002  -2.8063447631553634E-002  -2.8488414208358862E-002  -2.8963720968746422E-002  -2.9494351870380530E-002  -3.0086100792876314E-002  -3.0746194985785652E-002  -3.1483657602353846E-002  -3.2309297163594500E-002  -3.3235998721734376E-002  -3.4277895404154164E-002  -3.5450645531112636E-002  -3.6770161838325044E-002  -3.8253240370912676E-002  -3.9916168796708271E-002  -4.1775760737582282E-002  -4.3847829565608530E-002  -4.6148440798722858E-002  -4.8692128523559142E-002  -5.1493152364742258E-002  -5.4563345921924446E-002  -5.7913217988900124E-002  -6.1549433198192172E-002  -6.5475753805244494E-002  -6.9690353210867237E-002  -7.4186791310274322E-002  -7.8951412420860623E-002  -8.3964391388563805E-002  -8.9197122974834328E-002  -9.4613034404843685E-002 -0.10016472415009478      -0.10579440213327387      -0.11143089009251514      -0.11698995020725078      -0.12237153866327537      -0.12746043716240882      -0.13212415349734100      -0.13621417630704299      -0.13956474219954573      -0.14199481844119877      -0.14330771516864238      -0.14329380376965559      -0.14173099212224977      -0.13838830075139871      -0.13302737759597263      -0.12540695209643063      -0.11528528884601415      -0.10242492393576602       -8.6595678879476320E-002  -6.7578076081351052E-002  -4.5167503609209181E-002  -1.9172172808879572E-002  -6.3948846218484131E-013
   3.0886282844970131E-008  -4.8644429582865197E-002 -0.11269888615467885      -0.16665843474958794      -0.21223415088181088      -0.25106288309418517      -0.28406288285649794      -0.31177453483851120      -0.33408217417437869      -0.35004286032995502      -0.35804353781081899      -0.35583945849927928      -0.34086276445652075      -0.31161044278412386      -0.26642361728533676      -0.20926114577377816      -0.14187932574166393       -6.2933087526526418E-002  -1.8255203070834111E-002  -6.3372970817300256E-002  -9.6782977662977387E-002 -0.12590212425519701      -0.14531941630821196      -0.15663529523508468      -0.16140526255923496      -0.16158394388512134      -0.15847726017590436      -0.15248750424231380      -0.14317494979466508      -0.12991222992387622      -0.11117303553540427       -8.6754666084956092E-002  -6.0981412113814443E-002  -2.6172590016958736E-002   8.4658557668583698E-003  -9.0362065852127686E-003   6.0125177338494290E-002  0.11234087322365374       0.19333122296714331       0.27512852098737417       0.34860124055067815       0.43330133183942071       0.51289505872791474       0.58903205629206878       0.66124691232331079       0.72145054568654199       0.76456242645297057       0.78293241436500383       0.77778276328174012       0.75434914008793075       0.71759440144099940       0.67269928953099511       0.62400855274083766       0.57408406367740183       0.52430721705719607       0.47559230060865731       0.42856626696167133       0.38364593994410034       0.34113555828533376       0.30125059631380596       0.26412950434038124       0.22984815652963184       0.19842440931699667       0.16982408903730500       0.14396598950056999       0.12073230598412915        9.9977102987387434E-002   8.1535984435544925E-002   6.5233663291756852E-002   5.0893121474014515E-002   3.8339027732837219E-002   2.7404175192731924E-002   1.7929506903868478E-002   9.7668996375009486E-003   2.7771224687898701E-003  -3.1690945842602148E-003  -8.1936037123870129E-003  -1.2409464181974422E-002  -1.5922582171502223E-002  -1.8829914472479021E-002  -2.1220712016509050E-002  -2.3174851719001202E-002  -2.4763920832080507E-002  -2.6050036589062187E-002  -2.7086724575861140E-002  -2.7918545947269707E-002  -2.8582074864101577E-002  -2.9106326946291280E-002  -2.9513834092240548E-002  -2.9821722570828900E-002  -3.0042598746038224E-002  -3.0186174462705835E-002  -3.0259922322587084E-002  -3.0271230379216748E-002  -3.0227518019872376E-002  -3.0138135862432636E-002  -3.0013043562476211E-002  -2.9863839823175548E-002  -2.9701231932349904E-002  -2.9535844062790508E-002  -2.9375282372718442E-002  -2.9225595005049898E-002  -2.9088504370962449E-002  -2.8963884091744680E-002  -2.8847604967402900E-002  -2.8734972256307965E-002  -2.8619091159421906E-002  -2.8494869404717606E-002  -2.8357237434613932E-002  -2.8204739585233146E-002  -2.8036780144375759E-002  -2.7856252955826305E-002  -2.7666074102589457E-002  -2.7471464459626838E-002  -2.7276576481283725E-002  -2.7086859775086514E-002  -2.6905949225707597E-002  -2.6738089716851699E-002  -2.6585349928121497E-002  -2.6450013424883630E-002  -2.6332165108762146E-002  -2.6231916289655006E-002  -2.6147313701724267E-002  -2.6076345252081291E-002  -2.6015269806195847E-002  -2.5960598268423965E-002  -2.5908105018356439E-002  -2.5854709317291523E-002  -2.5797781386033676E-002  -2.5736253004514806E-002  -2.5669715718368881E-002  -2.5598582512734322E-002  -2.5523262444758308E-002  -2.5443818378859919E-002  -2.5359668073250609E-002  -2.5269182226092698E-002  -2.5170205463101888E-002  -2.5059730162005616E-002  -2.4935285098368322E-002  -2.4794464148484709E-002  -2.4636756890551902E-002  -2.4462378325232518E-002  -2.4273942967312050E-002  -2.4074301689830258E-002  -2.3868167965687952E-002  -2.3659430534193324E-002  -2.3453220016074579E-002  -2.3253072735380416E-002  -2.3063521815731351E-002  -2.2887103083159822E-002  -2.2727363835862914E-002  -2.2585672306391608E-002  -2.2464496813330813E-002  -2.2363993125241614E-002  -2.2285415157676753E-002  -2.2227473940524215E-002  -2.2189868637871948E-002  -2.2169607981985289E-002  -2.2164846370132579E-002  -2.2171460700144859E-002  -2.2187177968834838E-002  -2.2208231214579412E-002  -2.2233299077089173E-002  -2.2259888501458623E-002  -2.2287838714787213E-002  -2.2315534002045914E-002  -2.2343151354749638E-002  -2.2369056224343514E-002  -2.2393021508166262E-002  -2.2413080576419508E-002  -2.2428823801092814E-002  -2.2438757957418263E-002  -2.2443530256513397E-002  -2.2443557710294285E-002  -2.2441766548328770E-002  -2.2441165471380725E-002  -2.2446896800980939E-002  -2.2463859936811662E-002  -2.2498362627269425E-002  -2.2556165862747311E-002  -2.2643977717599344E-002  -2.2768013039368540E-002  -2.2935274236447364E-002  -2.3152511077864146E-002  -2.3427146914680529E-002  -2.3766511146627575E-002  -2.4178324276821202E-002  -2.4670161027837163E-002  -2.5249562192889988E-002  -2.5923859952818502E-002  -2.6700145872262434E-002  -2.7585627491950267E-002  -2.8587524166456057E-002  -2.9713788878261080E-002  -3.0972668162365637E-002  -3.2373450755363284E-002  -3.3925516705365727E-002  -3.5639031077867027E-002  -3.7523598116508558E-002  -3.9589013903044971E-002  -4.1843731006222538E-002  -4.4295787922387642E-002  -4.6951229675878572E-002  -4.9815228152048779E-002  -5.2890461912026981E-002  -5.6178261838638124E-002  -5.9676765575705094E-002  -6.3381781749353064E-002  -6.7284511532722968E-002  -7.1371993405042258E-002  -7.5624494273800011E-002  -8.0015741633777671E-002  -8.4510296490092063E-002  -8.9063803273054645E-002  -9.3620523524404337E-002  -9.8113675379436341E-002 -0.10246318807416609      -0.10657619097969399      -0.11034510680326395      -0.11364847603133099      -0.11634965260719442      -0.11829831451742959      -0.11933011321500719      -0.11926918268492485      -0.11792889842227064      -0.11511533471029144      -0.11062888173225879      -0.10426824690730187       -9.5832497003999512E-002  -8.5124973236700499E-002  -7.1955485936509217E-002  -5.6143016818288122E-002  -3.7518455383119480E-002  -1.5923424363163852E-002  -5.3645976549950592E-013
   2.4702865898813113E-008  -4.0626550872658235E-002  -9.4039364709759821E-002 -0.13903584140113467      -0.17714205882254228      -0.20982055742343789      -0.23791999351487220      -0.26197722410351792      -0.28198836325287124      -0.29712436548478938      -0.30536264655410472      -0.30299374909733212      -0.28698529674192391      -0.25432175164676718      -0.20274767349297818      -0.13888337879198506       -6.2219676764910921E-002  -1.4383422972309485E-002  -5.4494251674184577E-002  -8.4520567621295881E-002 -0.11148558996270731      -0.12955440811675772      -0.14007944935557493      -0.14513620369905478      -0.14767911744136403      -0.15004782571220207      -0.15348345797803076      -0.15788821770607545      -0.16194040926747622      -0.16343427800759641      -0.15995985288378806      -0.14965502807352862      -0.13039377113613837      -0.10215535517869417       -7.0368143493056076E-002  -2.9015085898257451E-002   1.0494908991566760E-002  -7.2600138244715423E-003   6.0484312006532294E-002  0.11629205415220745       0.19980334028772867       0.28780911029019052       0.36901201353009688       0.45943450909720623       0.54174044160464019       0.61748330732841983       0.66793503620761674       0.69129438197879767       0.68579673621018922       0.65803693513085992       0.61837308403554969       0.57401802811432467       0.52854764109508445       0.48354561474233865       0.43980405961647756       0.39777072812790037       0.35775550793804123       0.31991619061295529       0.28435690931726987       0.25115769746284849       0.22036641409359514       0.19199321124584609       0.16601531180080834       0.14238108070869657       0.12100975358982881       0.10179716298531395        8.4619700424133568E-002   6.9341333772932501E-002   5.5817989677897799E-002   4.3903667203105942E-002   3.3453366281476542E-002   2.4327880462212480E-002   1.6394513904363587E-002   9.5299956822088739E-003   3.6196766892202894E-003  -1.4411583380839368E-003  -5.7491775629841795E-003  -9.3926097454657444E-003  -1.2453364694377017E-002  -1.5006561225743687E-002  -1.7121822420150250E-002  -1.8862157214200717E-002  -2.0284566096542014E-002  -2.1438769596867652E-002  -2.2367746255652198E-002  -2.3107140189088767E-002  -2.3685996925643164E-002  -2.4127278018693018E-002  -2.4448990860068534E-002  -2.4665526171540907E-002  -2.4788908526363014E-002  -2.4830351567880823E-002  -2.4800721957190526E-002  -2.4711592013564862E-002  -2.4574503428136232E-002  -2.4401612866847278E-002  -2.4204276823868581E-002  -2.3993873434299730E-002  -2.3780096922453361E-002  -2.3572066753380277E-002  -2.3376506188628660E-002  -2.3199184822327724E-002  -2.3043114423525558E-002  -2.2910430902838817E-002  -2.2800562255500534E-002  -2.2712484554088992E-002  -2.2642831095388026E-002  -2.2588338952330325E-002  -2.2543977138885927E-002  -2.2505646545918342E-002  -2.2468450589223806E-002  -2.2429514803263589E-002  -2.2386063736802426E-002  -2.2337771915291203E-002  -2.2284308893025618E-002  -2.2227103637158307E-002  -2.2166694127741051E-002  -2.2104310430817991E-002  -2.2039475399715961E-002  -2.1971789324716585E-002  -2.1899075096599406E-002  -2.1819442086593942E-002  -2.1730047154702822E-002  -2.1629193638236923E-002  -2.1515359859880470E-002  -2.1388819222167389E-002  -2.1250456002414372E-002  -2.1102620249163272E-002  -2.0947856127582213E-002  -2.0789342947151884E-002  -2.0629983282666652E-002  -2.0472690862818745E-002  -2.0319950832496415E-002  -2.0173909290285539E-002  -2.0036338832670229E-002  -1.9908458694601349E-002  -1.9791226172427227E-002  -1.9684820186193771E-002  -1.9589225364424551E-002  -1.9503389760504621E-002  -1.9426216018881400E-002  -1.9355580110961172E-002  -1.9289882878056590E-002  -1.9226955403897635E-002  -1.9165936582152529E-002  -1.9105710817456392E-002  -1.9046749783755375E-002  -1.8988949300858676E-002  -1.8933472693560379E-002  -1.8880211644875498E-002  -1.8829867328993818E-002  -1.8781310255605501E-002  -1.8734067139580170E-002  -1.8685776777695177E-002  -1.8635111797266780E-002  -1.8579350821884347E-002  -1.8517565588725304E-002  -1.8448091527161956E-002  -1.8371604158812609E-002  -1.8288216881541912E-002  -1.8200242025103036E-002  -1.8109034460788473E-002  -1.8017653751102283E-002  -1.7927800616860980E-002  -1.7842559862299347E-002  -1.7763547515196581E-002  -1.7693661813821784E-002  -1.7634392526476531E-002  -1.7588436792321315E-002  -1.7557112869511216E-002  -1.7542739192175288E-002  -1.7546160080396164E-002  -1.7568909302681339E-002  -1.7610994980741621E-002  -1.7673000466157333E-002  -1.7754307262727968E-002  -1.7855153003063298E-002  -1.7975190114243405E-002  -1.8115247645476309E-002  -1.8275989141794891E-002  -1.8459217383223123E-002  -1.8666630170969756E-002  -1.8900765320016295E-002  -1.9164016811332393E-002  -1.9459391120267715E-002  -1.9789923331463930E-002  -2.0159333690639311E-002  -2.0571851606301077E-002  -2.1032698674873129E-002  -2.1548138817931054E-002  -2.2125576454381280E-002  -2.2773608581891203E-002  -2.3501647353202058E-002  -2.4319999330353687E-002  -2.5239196551103703E-002  -2.6270285412534251E-002  -2.7424045711575799E-002  -2.8711527593465624E-002  -3.0143160573362658E-002  -3.1729434507197250E-002  -3.3479822875980288E-002  -3.5403472947516237E-002  -3.7507878868049176E-002  -3.9799487470228850E-002  -4.2282126534953696E-002  -4.4957535399437115E-002  -4.7823668938469246E-002  -5.0875255962463242E-002  -5.4102119275978904E-002  -5.7489782251186693E-002  -6.1017771125033461E-002  -6.4660125099242974E-002  -6.8383572427838907E-002  -7.2147872987182060E-002  -7.5903933092863612E-002  -7.9594122693910113E-002  -8.3150555714798235E-002  -8.6495618835929655E-002  -8.9540651827621248E-002  -9.2186879985204973E-002  -9.4324616906227760E-002  -9.5834663821740024E-002  -9.6588037360447521E-002  -9.6447823175819736E-002  -9.5269428504734646E-002  -9.2902934996621792E-002  -8.9193910607656357E-002  -8.3986237390903287E-002  -7.7123392929748291E-002  -6.8451395911056298E-002  -5.7820321850028882E-002  -4.5086506466824543E-002  -3.0114537663405338E-002  -1.2776577093635956E-002  -4.9382720135384932E-013
   1.8523541659970453E-008  -3.1539147606686545E-002  -7.2955261111942338E-002 -0.10785534404698899      -0.13748940602768067      -0.16308993370933081      -0.18541406386694487      -0.20492866845037230      -0.22179503745054943      -0.23568461133469265      -0.24488233531651291      -0.24452849857729125      -0.22916888869314025      -0.19221266344102850      -0.13609435049869301       -6.1692863642848227E-002  -9.4456146036816738E-003  -4.2447239519167353E-002  -6.6865186379910138E-002  -9.0049870502667384E-002 -0.10564292888667925      -0.11398529335873409      -0.11652662345105866      -0.11638018971564945      -0.11674728516528091      -0.12006682563608169      -0.12746815162725830      -0.13861568277575251      -0.15181617494710803      -0.16443656668909978      -0.17345478354531685      -0.17582747795699807      -0.16904754367175839      -0.15192023367462984      -0.12381273028123277       -8.6956655875116501E-002  -4.9476267976140825E-002  -7.0921224421731776E-003   2.8585270695211332E-002   2.7194023507438186E-004   6.0501344518468010E-002  0.12277933736014848       0.21336006140760527       0.30845404396340581       0.40016270553391098       0.49539000217663814       0.56090824229837855       0.58543467126105575       0.57293558099560793       0.53834621464665711       0.49733266811726912       0.45630147271236887       0.41671397231917817       0.37885474096658350       0.34308446532454989       0.30936142348894213       0.27763728418577088       0.24789949938436803       0.22013791965303689       0.19433012734869301       0.17045803648367594       0.14849829497036082       0.12841282472162049       0.11014742768551467        9.3632081886741256E-002   7.8783127513588375E-002   6.5504389837158949E-002   5.3691971026254968E-002   4.3236696011144785E-002   3.4028479336896601E-002   2.5958255251967512E-002   1.8920999223264515E-002   1.2816137971782916E-002   7.5493110182163654E-003   3.0314707572454687E-003  -8.2020526567353098E-004  -4.0834685298888644E-003  -6.8301786087702323E-003  -9.1271824650822116E-003  -1.1035415712897047E-002  -1.2610617800658483E-002  -1.3902623967260176E-002  -1.4956035265826749E-002  -1.5809715570568650E-002  -1.6497455369959117E-002  -1.7047771271243559E-002  -1.7484564480979837E-002  -1.7827315613320804E-002  -1.8091679165646638E-002  -1.8290013384392234E-002  -1.8431859419685562E-002  -1.8524755403169557E-002  -1.8574616658387905E-002  -1.8586835965367348E-002  -1.8566385437809474E-002  -1.8518850754594224E-002  -1.8449826012018770E-002  -1.8365604711100748E-002  -1.8271873928360348E-002  -1.8174318463757042E-002  -1.8077051716957358E-002  -1.7983461421973629E-002  -1.7894741715308558E-002  -1.7811227570857627E-002  -1.7731170896958241E-002  -1.7652617282422151E-002  -1.7572386435605821E-002  -1.7488240522736721E-002  -1.7397777837520906E-002  -1.7300414027987425E-002  -1.7195810864035842E-002  -1.7085428981549113E-002  -1.6970598233823155E-002  -1.6853910526362759E-002  -1.6737314605585984E-002  -1.6623540313345404E-002  -1.6514351872318887E-002  -1.6411975856653611E-002  -1.6317515158311147E-002  -1.6232340136071281E-002  -1.6156648925676503E-002  -1.6090762173193256E-002  -1.6033835137080371E-002  -1.5985029909483556E-002  -1.5942481380923520E-002  -1.5904444147861949E-002  -1.5868629552999766E-002  -1.5833294885538925E-002  -1.5796772626108325E-002  -1.5758182270633039E-002  -1.5716906924206565E-002  -1.5672820651335073E-002  -1.5625800406624216E-002  -1.5575656561137021E-002  -1.5521930658537738E-002  -1.5463723051371860E-002  -1.5399945959148906E-002  -1.5329144996621477E-002  -1.5250199043577621E-002  -1.5162040931965151E-002  -1.5064597643981600E-002  -1.4958126880517706E-002  -1.4844132164056702E-002  -1.4724185928471804E-002  -1.4600856902133492E-002  -1.4476237363428068E-002  -1.4353113659167544E-002  -1.4233388341663209E-002  -1.4119547946407690E-002  -1.4012993524715309E-002  -1.3915736842862817E-002  -1.3828606426160503E-002  -1.3753095102669447E-002  -1.3689410002520247E-002  -1.3638403849291721E-002  -1.3599486261111710E-002  -1.3572634841781703E-002  -1.3556285309211253E-002  -1.3549518885886224E-002  -1.3550069147701812E-002  -1.3556674007856319E-002  -1.3567122819549558E-002  -1.3580541673495355E-002  -1.3595313387208216E-002  -1.3611152484502467E-002  -1.3626934345618191E-002  -1.3642628931195633E-002  -1.3657208042777019E-002  -1.3670559538837411E-002  -1.3681618783607736E-002  -1.3690311596213724E-002  -1.3695947696737758E-002  -1.3699106366814895E-002  -1.3700174045914245E-002  -1.3700974589767642E-002  -1.3703298809596630E-002  -1.3710181076562970E-002  -1.3724474640745813E-002  -1.3749902654814700E-002  -1.3789860525754668E-002  -1.3848362190782101E-002  -1.3929127781323922E-002  -1.4036402276861874E-002  -1.4174269483768511E-002  -1.4347266788425284E-002  -1.4559853684478296E-002  -1.4816776088565896E-002  -1.5122672811710874E-002  -1.5482227354231402E-002  -1.5899986451156905E-002  -1.6380414964247088E-002  -1.6928006091609785E-002  -1.7547275324199051E-002  -1.8243081396990553E-002  -1.9020434458091925E-002  -1.9884858592827230E-002  -2.0841919724151961E-002  -2.1897573430299657E-002  -2.3057457981480487E-002  -2.4327278601281352E-002  -2.5711970223422524E-002  -2.7216177798537616E-002  -2.8843368828011973E-002  -3.0596414337362071E-002  -3.2476652681882399E-002  -3.4484483398154506E-002  -3.6618288573198390E-002  -3.8874887520049951E-002  -4.1248220151820267E-002  -4.3729596637382580E-002  -4.6306198731001405E-002  -4.8961225073488386E-002  -5.1672372539136951E-002  -5.4412002392330731E-002  -5.7145709119659979E-002  -5.9832559429119567E-002  -6.2423796569693643E-002  -6.4863193260636665E-002  -6.7085962358683582E-002  -6.9019328865149027E-002  -7.0581791893929879E-002  -7.1684092609547154E-002  -7.2229006115346217E-002  -7.2112855307722296E-002  -7.1225891061720503E-002  -6.9454316898993576E-002  -6.6681112743040782E-002  -6.2788338275658037E-002  -5.7658155260754095E-002  -5.1175061734949498E-002  -4.3226933730207202E-002  -3.3706619717478813E-002  -2.2513137514137822E-002  -9.5513697994266070E-003  -4.4764192352938864E-013
   1.2347343794780456E-008  -2.1563051002654973E-002  -4.9852171835955778E-002  -7.3697895400003807E-002  -9.4000676864415059E-002 -0.11166268024766109      -0.12725525217324424      -0.14117325578474302      -0.15368495067440066      -0.16479729682130398      -0.17420182574833643      -0.17834273293951983      -0.16745798045188734      -0.12552436652420129       -6.2579155067321562E-002  -3.1959814017457362E-003  -2.6674164298891283E-002  -4.2920782456705858E-002  -6.0402126397852966E-002  -7.2846747233862585E-002  -7.9644713831595729E-002  -8.0867390856812660E-002  -7.8456675414770027E-002  -7.5147997671608166E-002  -7.3686644954236435E-002  -7.6080265670415523E-002  -8.3215208764817916E-002  -9.4736302394927557E-002 -0.10915136141395869      -0.12415131198889696      -0.13701012441713686      -0.14495550333116278      -0.14554731035462423      -0.13697900015460879      -0.11862018301256576       -9.1651235902054595E-002  -5.7845576469249392E-002  -2.1233166142972316E-002   9.1645373602711327E-003   3.8691807725748852E-002   5.8534031956453611E-002   1.1138493546555663E-002   6.3841276103833680E-002  0.13139847074528194       0.23813225089572732       0.34103715948843377       0.44051503698952610       0.45638308128813665       0.42674983927019539       0.38732742113978536       0.35148910957867702       0.31878068350723660       0.28882758962064242       0.26109750860713610       0.23551801461086636       0.21182709488623450       0.18979669111095276       0.16929452296895706       0.15025851556242190       0.13263572824109454       0.11638096839569378       0.10145545106087339        8.7819490260013025E-002   7.5426994289056609E-002   6.4224180602198352E-002   5.4150394182574016E-002   4.5138428117641384E-002   3.7116731346628594E-002   3.0010567215070918E-002   2.3744735666788402E-002   1.8244597054890010E-002   1.3438184789201855E-002   9.2566654006344187E-003   5.6357404546523411E-003   2.5153650199008586E-003  -1.5948221207012740E-004  -2.4396232494027716E-003  -4.3713858572421802E-003  -5.9975849364198378E-003  -7.3572691036266355E-003  -8.4864191369148877E-003  -9.4174925359814098E-003  -1.0179771595017614E-002  -1.0798915619894389E-002  -1.1297217261350641E-002  -1.1693393367693223E-002  -1.2002999817416352E-002  -1.2238599847657584E-002  -1.2410351819253923E-002  -1.2526564334529764E-002  -1.2594259938405223E-002  -1.2619848227120704E-002  -1.2609348699541719E-002  -1.2568860030881436E-002  -1.2504274633831948E-002  -1.2421595246572022E-002  -1.2326341657520071E-002  -1.2223939438307220E-002  -1.2118991561091357E-002  -1.2015818413237277E-002  -1.1917631146813839E-002  -1.1827257372735720E-002  -1.1746270489740909E-002  -1.1675891346624959E-002  -1.1616107910841000E-002  -1.1566707066671691E-002  -1.1526362319606548E-002  -1.1493772304736931E-002  -1.1466746298201729E-002  -1.1443474882784650E-002  -1.1421679182771635E-002  -1.1399942958869098E-002  -1.1376788258948280E-002  -1.1351828477336377E-002  -1.1324618247376878E-002  -1.1295567705268274E-002  -1.1264677541361186E-002  -1.1232365088248391E-002  -1.1198306086412752E-002  -1.1162309953379747E-002  -1.1123414906288751E-002  -1.1080870267531689E-002  -1.1033488513404813E-002  -1.0980643873478810E-002  -1.0921740187152073E-002  -1.0856992780563672E-002  -1.0786831147274275E-002  -1.0712348210710442E-002  -1.0634684044233067E-002  -1.0555282054934311E-002  -1.0475437743906879E-002  -1.0396478532768131E-002  -1.0319529801032529E-002  -1.0245600603234525E-002  -1.0175538428170020E-002  -1.0109971188740923E-002  -1.0049417802252115E-002  -9.9940530299873504E-003  -9.9439605738612866E-003  -9.8987421353934815E-003  -9.8579652482321898E-003  -9.8207026495092352E-003  -9.7862417517266768E-003  -9.7535602771578415E-003  -9.7222023727283717E-003  -9.6915455135915662E-003  -9.6616882461126215E-003  -9.6324409616320768E-003  -9.6042249498060027E-003  -9.5768798305145807E-003  -9.5506663849189016E-003  -9.5250166160717690E-003  -9.4997219214997576E-003  -9.4737099120934705E-003  -9.4464374293617131E-003  -9.4167034254996011E-003  -9.3841656601778393E-003  -9.3480993783799770E-003  -9.3088737064784908E-003  -9.2665462274945671E-003  -9.2222142988741904E-003  -9.1764941616181029E-003  -9.1308315800060630E-003  -9.0860144175971217E-003  -9.0435179852831511E-003  -9.0041106278162791E-003  -8.9692041724981734E-003  -8.9395304485705169E-003  -8.9164305809907411E-003  -8.9005736044405395E-003  -8.8931375400990598E-003  -8.8945788706905754E-003  -8.9057151654998983E-003  -8.9266181120851960E-003  -8.9576632742643433E-003  -8.9986233175961567E-003  -9.0496930847741609E-003  -9.1107427984342768E-003  -9.1822109454000461E-003  -9.2644185002664289E-003  -9.3582546734184060E-003  -9.4645436200063646E-003  -9.5845578510495646E-003  -9.7195072869475894E-003  -9.8709531290371161E-003  -1.0040482800745647E-002  -1.0230065290097894E-002  -1.0441913385343362E-002  -1.0678747605509216E-002  -1.0943766748168373E-002  -1.1240728564027731E-002  -1.1573934916586337E-002  -1.1948091968429220E-002  -1.2368317687159612E-002  -1.2839858469145850E-002  -1.3368195032044368E-002  -1.3958694278835700E-002  -1.4616833103826509E-002  -1.5347789600333997E-002  -1.6156737573326519E-002  -1.7048341661696716E-002  -1.8027059337678036E-002  -1.9096508881229532E-002  -2.0259735980929363E-002  -2.1518459895135494E-002  -2.2873309849811639E-002  -2.4323005987310773E-002  -2.5864611573662849E-002  -2.7492711052032642E-002  -2.9199687724186425E-002  -3.0974890156479720E-002  -3.2804877257931526E-002  -3.4672532079838274E-002  -3.6557245648047437E-002  -3.8434008764054305E-002  -4.0273597327347088E-002  -4.2041745127101751E-002  -4.3699439424347959E-002  -4.5202283269299155E-002  -4.6500987377764327E-002  -4.7540981136916696E-002  -4.8263129086722048E-002  -4.8603589901352648E-002  -4.8494753937174562E-002  -4.7865343642271505E-002  -4.6641580097104916E-002  -4.4747530902119963E-002  -4.2106480441191189E-002  -3.8641472378574696E-002  -3.4276723572849319E-002  -2.8938243094874295E-002  -2.2554918117759823E-002  -1.5059287801218464E-002  -6.3874044363216838E-003  -5.5422333389352852E-013
   6.1731283346955238E-009  -1.0949551122313394E-002  -2.5303746299621881E-002  -3.7411737476766189E-002  -4.7748271792441697E-002  -5.6765305571510064E-002  -6.4773629203225047E-002  -7.2128833486865607E-002  -7.9048572365113964E-002  -8.5265313254604611E-002  -9.1369198526314671E-002  -9.7545113629186331E-002  -9.6488264230687959E-002  -5.8206226565019566E-002   3.8352551119407417E-004  -1.1700321166605411E-002  -1.6986924918679584E-002  -2.5442198537992445E-002  -3.1942790555227425E-002  -3.5899174657403513E-002  -3.6511628675460713E-002  -3.4213451257212958E-002  -3.0173779396442734E-002  -2.6012946560687658E-002  -2.3298885315289907E-002  -2.3167937162246705E-002  -2.6110656278837949E-002  -3.1910381833147518E-002  -3.9701976428489695E-002  -4.8146660681114020E-002  -5.5652235406000845E-002  -6.0577751012633345E-002  -6.1421927177852165E-002  -5.7050351335416145E-002  -4.6953039445409767E-002  -3.1339150005240617E-002  -1.1338473510294265E-002   1.0782313475355534E-002   3.3286569050126120E-002   5.3340494675549452E-002   6.3898594890764826E-002   7.3779727004956622E-002   7.5076423358451674E-002   9.8531701391842141E-003   6.4214952160640271E-002  0.16090489748740883       0.28358872887337111       0.26738381591270732       0.23221014827440661       0.20494545472545328       0.18395740028108115       0.16466503999351129       0.14796690293023804       0.13333860525888219       0.12000463707863188       0.10769331788236182        9.6351539548773069E-002   8.5870869908974828E-002   7.6166194092716008E-002   6.7196906206777832E-002   5.8937174594892033E-002   5.1360685703654090E-002   4.4442096557503204E-002   3.8156032685849675E-002   3.2474352490469094E-002   2.7365687973155358E-002   2.2795865668329238E-002   1.8728830139646730E-002   1.5127169988918323E-002   1.1953378858780884E-002   9.1702639164421076E-003   6.7419956225419500E-003   4.6341804630398113E-003   2.8144356029659394E-003   1.2521721753626831E-003  -8.1077099108513534E-005  -1.2120164259379995E-003  -2.1652800251266051E-003  -2.9637324487574329E-003  -3.6281705220450448E-003  -4.1775887235662289E-003  -4.6289478515505293E-003  -4.9974245033107016E-003  -5.2962742564041003E-003  -5.5370520433678776E-003  -5.7295747119386915E-003  -5.8821380175327377E-003  -6.0015707738596954E-003  -6.0934415401954784E-003  -6.1622026076802675E-003  -6.2113516913039979E-003  -6.2436804571123642E-003  -6.2613934231455720E-003  -6.2664514983421168E-003  -6.2606074513949245E-003  -6.2457360272385682E-003  -6.2236620038833967E-003  -6.1963871909651120E-003  -6.1657116241837168E-003  -6.1334269293264881E-003  -6.1008361083561818E-003  -6.0690382238050098E-003  -6.0384503701526055E-003  -6.0092458060268536E-003  -5.9809535278777881E-003  -5.9530477609048222E-003  -5.9246147891808378E-003  -5.8950303854672283E-003  -5.8635925906078828E-003  -5.8301518018740936E-003  -5.7946031290782608E-003  -5.7573936430348671E-003  -5.7189095531243461E-003  -5.6799343447219560E-003  -5.6410386591129310E-003  -5.6030540272302880E-003  -5.5665036779691326E-003  -5.5320824099915258E-003  -5.5001339472409636E-003  -5.4711104935714567E-003  -5.4450982945145384E-003  -5.4222362972544246E-003  -5.4022901201575624E-003  -5.3850340558675930E-003  -5.3699022504643014E-003  -5.3563657290921218E-003  -5.3437008145296007E-003  -5.3313448947586639E-003  -5.3187321812778526E-003  -5.3055369378586471E-003  -5.2915015654660322E-003  -5.2765279434594230E-003  -5.2605223851302585E-003  -5.2433869293754655E-003  -5.2249501509912264E-003  -5.2049247574057766E-003  -5.1829760750650130E-003  -5.1586705171775982E-003  -5.1316875672214532E-003  -5.1017263972415496E-003  -5.0687962211562838E-003  -5.0330028043776851E-003  -4.9948368986893052E-003  -4.9548027028925370E-003  -4.9137176041737611E-003  -4.8722435794545400E-003  -4.8312653413173697E-003  -4.7913850825245631E-003  -4.7533968139638842E-003  -4.7177489723348965E-003  -4.6850945144956413E-003  -4.6557098538452836E-003  -4.6300922833960780E-003  -4.6083272931540459E-003  -4.5907123812817512E-003  -4.5770774912233620E-003  -4.5674388049666325E-003  -4.5613100116145087E-003  -4.5584139467974068E-003  -4.5580280383442223E-003  -4.5597486436650229E-003  -4.5628489888099606E-003  -4.5670277075177384E-003  -4.5717296256222346E-003  -4.5768327656855075E-003  -4.5819395793695100E-003  -4.5870197418560509E-003  -4.5917238505254242E-003  -4.5960172848556373E-003  -4.5995625630484444E-003  -4.6023603558847399E-003  -4.6042109109145826E-003  -4.6053358637401093E-003  -4.6058844725124825E-003  -4.6064750736592381E-003  -4.6077031470411400E-003  -4.6105731799617414E-003  -4.6160241177051033E-003  -4.6252888363752399E-003  -4.6394908588903022E-003  -4.6599680976615711E-003  -4.6879602335629118E-003  -4.7248903052226274E-003  -4.7721254444286097E-003  -4.8311914493864173E-003  -4.9035846441716239E-003  -4.9909046289712596E-003  -5.0947122775803644E-003  -5.2165937801528861E-003  -5.3580876211483108E-003  -5.5207151629588338E-003  -5.7060006442500788E-003  -5.9154786046663960E-003  -6.1507829353515189E-003  -6.4135944485782014E-003  -6.7057475694725817E-003  -7.0290882766047488E-003  -7.3855788183058262E-003  -7.7770782027907423E-003  -8.2054587945190448E-003  -8.6723413732500421E-003  -9.1792421732933942E-003  -9.7272871586035828E-003  -1.0317391042642175E-002  -1.0949951233871802E-002  -1.1625031059763851E-002  -1.2342005411381685E-002  -1.3099701947178220E-002  -1.3895970907392658E-002  -1.4727765077192260E-002  -1.5590651275499325E-002  -1.6478859610626041E-002  -1.7384786997081340E-002  -1.8299055025525639E-002  -1.9210041412201260E-002  -2.0103965247988759E-002  -2.0964463626283535E-002  -2.1772718658893696E-002  -2.2507103732593584E-002  -2.3143385321484338E-002  -2.3654484259941051E-002  -2.4010807959323668E-002  -2.4180179628977012E-002  -2.4128344444175227E-002  -2.3819083746419584E-002  -2.3214880372887749E-002  -2.2277170519158920E-002  -2.0967094941859062E-002  -1.9245807169540625E-002  -1.7075200491950368E-002  -1.4418211235985677E-002  -1.1239347254781490E-002  -7.5050157116204053E-003  -3.1834874369938196E-003  -3.9435121834731847E-013
  -4.6185069283490483E-014  -5.2972128133348867E-014  -1.5185403008825877E-013  -1.5538597728858740E-013  -1.7657532409035423E-013  -1.4832343573567491E-013  -1.4479198573570612E-013  -1.4126041041120094E-013  -8.8287532855879484E-014  -1.1300754680409938E-013  -1.5538519700762048E-013  -1.5891633801683046E-013  -1.1300344529810707E-013   4.9439694902739963E-014   1.4126841063368158E-014  -1.1656584136194484E-013  -2.4382798589215676E-013  -1.8742681671645729E-013  -9.2045284284863100E-014  -3.5450270234888045E-015   3.1952564928225413E-014   3.5552067309975567E-015  -2.1352062823664842E-014   1.1750884471461413E-013   1.4246983501033752E-013   1.2819861714019234E-013   1.6728468663898687E-013   2.5264408382056812E-013   2.4550341320628296E-013   3.0593726537434049E-013   2.9873876553523085E-013   2.7727490878355808E-013   2.4156559297753774E-013   2.5199367469602983E-013   1.9853415150828825E-013   2.0183155309536473E-013   1.6268520672737838E-013   2.2257813839201360E-013   2.1534829431523718E-013   2.1525955859279186E-013   2.1523820212778528E-013   7.7640528555972825E-014  -4.2363000016398776E-014  -5.2977664471462060E-014  -8.1251658883282493E-014  -3.8863540323063050E-014  -5.3003839303429186E-014  -1.3072238750762543E-013  -1.0952403937375250E-013  -1.2365713067680078E-013  -3.5330096900273146E-014  -3.1796752149714130E-014   4.5928528566501696E-014   2.1197772185112321E-014   3.5329609307348503E-015  -3.5329626465419658E-014  -1.4131869057664431E-014  -3.5329736998303756E-014  -3.1796832334500238E-014  -5.6527840339900282E-014  -3.8862992969818392E-014  -3.5330091832041670E-014  -8.1259444032027991E-014  -6.7127562864635549E-014  -3.8863440105157933E-014   6.0061856932285744E-014  -7.0661214687571420E-015   2.8264567789687069E-014  -1.0599243203489129E-014   1.0599273067914855E-014   7.0662015988104759E-015   3.5331104163802640E-014   3.5331198475901878E-015   1.4132516465469405E-014   4.5930796674975721E-014  -7.0662942775373087E-015  -2.4732091339612279E-014  -1.7665822628253075E-014  -6.3597113924877878E-014  -6.3597263936303031E-014  -6.7130601103015717E-014  -9.5396335419139974E-014  -5.6531289126346886E-014  -6.7131054914409570E-014  -8.1264086800871857E-014  -3.5332288051498706E-014  -1.4132945449026686E-014  -4.2398925786544607E-014   3.5332511988021523E-015  -1.4133033926905843E-014  -9.1864908363010286E-014  -5.6532365339542783E-014   3.5332799142144339E-015  -7.0665738024467658E-015  -3.5332938522306560E-014  -2.4733104992212089E-014   1.4133230189965657E-014   6.3599657296685216E-014   4.2399852259585835E-014   0.0000000000000000        1.7666671452319450E-014   3.8866749166626262E-014  -3.5333473657735738E-015  -1.7666769077263593E-014   1.4133441028621205E-014  -7.0667332365633217E-015   0.0000000000000000       -3.5333792483120650E-014  -7.0667710323207626E-015  -1.0600175123774192E-014   4.2400774661250512E-014   1.4133615980580760E-014   1.0600230258166365E-014  -3.8867577171939596E-014  -3.5334221061665128E-014  -2.4733996281694210E-014  -9.5402716594323192E-014  -1.0246975408766318E-013  -8.1269249066371544E-014  -1.3073770084761993E-013  -8.8336427422022824E-014  -1.0247042044835956E-013  -7.4202836469998199E-014  -7.4202953908541436E-014  -1.2720526316557395E-013  -1.8020773715719377E-013  -1.7667452448620276E-013  -1.5547382056107679E-013  -1.3427304882182704E-013  -2.0140987872579129E-013  -1.7314208444902499E-013  -1.5547475763251240E-013  -1.4487441948028042E-013  -1.5194168908615452E-013  -1.3780777874143790E-013  -1.8374397359261288E-013  -1.8021069401288858E-013  -1.8374450260603177E-013  -1.8021120950221813E-013  -7.4204721752123051E-014  -9.5406204116932848E-014  -8.4805634665681257E-014  -2.8268583873844870E-014  -5.3003668842433217E-014  -7.7738820085852291E-014  -6.0070989379945371E-014  -2.1201554118269891E-014  -7.0671943431986105E-015  -1.7668009239335146E-014   0.0000000000000000       -2.8268889716670619E-014   3.1802543172247202E-014   0.0000000000000000        1.7668125402212731E-014   0.0000000000000000       -3.8869975313611963E-014  -1.9435011911156458E-013  -1.7668215121351338E-013  -1.5194683685827684E-013  -1.0247590214108170E-013  -1.0247602634036236E-013  -1.0247615296223506E-013  -9.1875281481760466E-014  -1.8021711792482243E-013  -1.3781325289627644E-013  -8.1274580215990835E-014  -1.3781357941534119E-013  -1.0601057154774966E-013  -1.1661176323132647E-013  -1.0601081811450353E-013  -1.5901640868309715E-013  -1.7668510311359802E-013  -2.2262348146655237E-013  -1.7315179472188618E-013  -2.1555655696912603E-013  -2.2262423641821312E-013  -2.1909076081351160E-013  -2.1909100478720723E-013  -1.6961902795003172E-013  -7.7742139767821472E-014  -8.4809698633816856E-014  -7.7742307680619016E-014  -8.8343625606351273E-014  -1.2721495586565458E-013  -1.6255261432076225E-013  -1.8728907677649413E-013  -2.0142430960752280E-013  -1.9435698832807832E-013  -2.1909355478403844E-013  -2.0849246191793764E-013  -2.4029663620103889E-013  -2.9683731069518211E-013  -2.8270247659849090E-013  -2.8270274546183747E-013  -2.5443271375628248E-013  -2.2969641244628165E-013  -1.6608832974759368E-013  -1.4841949165356062E-013  -1.5548722709500816E-013  -1.7315638010325365E-013  -1.5548749760454341E-013  -1.5548762672257661E-013  -1.3428488115392765E-013  -1.6962314172576319E-013  -1.6255564043733229E-013  -2.3323217899172312E-013  -2.1202941231870734E-013  -2.0496190599573244E-013  -2.2969884626154936E-013  -2.4383431128696381E-013  -2.0496230188539176E-013  -2.1556391739129014E-013  -2.2616554325542156E-013  -2.1203029277331179E-013  -1.9789502739104036E-013  -1.9082741416434752E-013  -2.5090279420131807E-013  -2.0496289253481819E-013  -2.7563980816949711E-013  -2.3323370504016336E-013  -2.1909834219528675E-013  -2.2969986074555723E-013  -3.2864746042924226E-013  -4.0285808462239255E-013  -3.5691802945576289E-013  -3.2511331788351686E-013  -3.7812074773138754E-013  -4.0285737179769225E-013  -3.6045109017157983E-013  -3.6045079177748155E-013  -4.0285640746037891E-013  -4.5586334872333624E-013  -5.2653924461197063E-013  -5.9014725003045512E-013  -6.3238303482723122E-013
  -6.1731141239049738E-009   1.0949551122172137E-002   2.5303746299357006E-002   3.7411737476370638E-002   4.7748271792074401E-002   5.6765305571156936E-002   6.4773629202864849E-002   7.2128833486590146E-002   7.9048572364774958E-002   8.5265313254149086E-002   9.1369198525940359E-002   9.7545113628847366E-002   9.6488264230490201E-002   5.8206226564941857E-002  -3.8352551116582133E-004   1.1700321166594831E-002   1.6986924918704356E-002   2.5442198538017251E-002   3.1942790555266380E-002   3.5899174657591348E-002   3.6511628675645266E-002   3.4213451257436883E-002   3.0173779396649086E-002   2.6012946560965308E-002   2.3298885315695825E-002   2.3167937162652533E-002   2.6110656279368091E-002   3.1910381833709471E-002   3.9701976429015962E-002   4.8146660681554765E-002   5.5652235406377440E-002   6.0577751013073729E-002   6.1421927178253191E-002   5.7050351335816818E-002   4.6953039445749856E-002   3.1339150005527276E-002   1.1338473510410937E-002  -1.0782313475277775E-002  -3.3286569050090725E-002  -5.3340494675506958E-002  -6.3898594890725899E-002  -7.3779727004924772E-002  -7.5076423358416342E-002  -9.8531701390959098E-003  -6.4214952160693284E-002 -0.16090489748747600      -0.28358872887345593      -0.26738381591278498      -0.23221014827448777      -0.20494545472554160      -0.18395740028113769      -0.16466503999354304      -0.14796690293020626      -0.13333860525886104      -0.12000463707870958      -0.10769331788240066       -9.6351539548783657E-002  -8.5870869908950057E-002  -7.6166194092733647E-002  -6.7196906206841406E-002  -5.8937174594920289E-002  -5.1360685703671756E-002  -4.4442096557584430E-002  -3.8156032685800187E-002  -3.2474352490465548E-002  -2.7365687973109426E-002  -2.2795865668198519E-002  -1.8728830139551338E-002  -1.5127169988854725E-002  -1.1953378858763217E-002  -9.1702639163573144E-003  -6.7419956225454819E-003  -4.6341804630221448E-003  -2.8144356028776112E-003  -1.2521721751860265E-003   8.1077099306369778E-005   1.2120164260651931E-003   2.1652800251937354E-003   2.9637324487644988E-003   3.6281705220097124E-003   4.1775887234566994E-003   4.6289478515045982E-003   4.9974245033425008E-003   5.2962742564182331E-003   5.5370520433360758E-003   5.7295747118892241E-003   5.8821380174656056E-003   6.0015707737784280E-003   6.0934415401636775E-003   6.1622026075919354E-003   6.2113516912050666E-003   6.2436804570840977E-003   6.2613934231491065E-003   6.2664514983633169E-003   6.2606074514161229E-003   6.2457360271679016E-003   6.2236620039081312E-003   6.1963871910322450E-003   6.1657116243674500E-003   6.1334269295278887E-003   6.1008361085151848E-003   6.0690382239781447E-003   6.0384503701596736E-003   6.0092458060586555E-003   5.9809535279625927E-003   5.9530477609754913E-003   5.9246147892055723E-003   5.8950303855626295E-003   5.8635925906785511E-003   5.8301518019588938E-003   5.7946031292266630E-003   5.7573936431479346E-003   5.7189095531490789E-003   5.6799343446477550E-003   5.6410386591093983E-003   5.6030540272126172E-003   5.5665036778843281E-003   5.5320824098219193E-003   5.5001339470289561E-003   5.4711104933205792E-003   5.4450982943272663E-003   5.4222362970954190E-003   5.4022901199914921E-003   5.3850340556944529E-003   5.3699022502911586E-003   5.3563657288871799E-003   5.3437008142999233E-003   5.3313448945431210E-003   5.3187321809951707E-003   5.3055369374946952E-003   5.2915015650773448E-003   5.2765279430954720E-003   5.2605223848369758E-003   5.2433869290291800E-003   5.2249501506555409E-003   5.2049247570842231E-003   5.1829760747293249E-003   5.1586705168383765E-003   5.1316875669387679E-003   5.1017263969729996E-003   5.0687962209654712E-003   5.0330028042292752E-003   4.9948368986433697E-003   4.9548027027900635E-003   4.9137176041101575E-003   4.8722435792990610E-003   4.8312653411477563E-003   4.7913850824574250E-003   4.7533968139285478E-003   4.7177489722606894E-003   4.6850945144638377E-003   4.6557098537640101E-003   4.6300922832900699E-003   4.6083272930091661E-003   4.5907123811086015E-003   4.5770774910113450E-003   4.5674388046839419E-003   4.5613100113388854E-003   4.5584139464193065E-003   4.5580280379837893E-003   4.5597486433010571E-003   4.5628489884707293E-003   4.5670277071820399E-003   4.5717296252158601E-003   4.5768327653144709E-003   4.5819395790408796E-003   4.5870197414814790E-003   4.5917238502038603E-003   4.5960172845729416E-003   4.5995625627622159E-003   4.6023603555596379E-003   4.6042109106672223E-003   4.6053358635068853E-003   4.6058844722191841E-003   4.6064750733800734E-003   4.6077031467372399E-003   4.6105731797285139E-003   4.6160241173093253E-003   4.6252888359865308E-003   4.6394908585192613E-003   4.6599680973859409E-003   4.6879602332766789E-003   4.7248903049505282E-003   4.7721254441317725E-003   4.8311914490507092E-003   4.9035846439383956E-003   4.9909046286496887E-003   5.0947122772199219E-003   5.2165937797182338E-003   5.3580876205758425E-003   5.5207151623969646E-003   5.7060006436882114E-003   5.9154786040797906E-003   6.1507829347825825E-003   6.4135944480339978E-003   6.7057475689531127E-003   7.0290882762231001E-003   7.3855788179524491E-003   7.7770782024550351E-003   8.2054587941585953E-003   8.6723413729850023E-003   9.1792421730919633E-003   9.7272871583385448E-003   1.0317391042426610E-002   1.0949951233652704E-002   1.1625031059537688E-002   1.2342005411074242E-002   1.3099701946849578E-002   1.3895970907039276E-002   1.4727765076877754E-002   1.5590651275092942E-002   1.6478859610269132E-002   1.7384786996625479E-002   1.8299055025115713E-002   1.9210041411777210E-002   2.0103965247582376E-002   2.0964463625870088E-002   2.1772718658360102E-002   2.2507103732095312E-002   2.3143385321095614E-002   2.3654484259541728E-002   2.4010807958892544E-002   2.4180179628471674E-002   2.4128344443631013E-002   2.3819083745832959E-002   2.3214880372350609E-002   2.2277170518720715E-002   2.0967094941357258E-002   1.9245807169003492E-002   1.7075200491522783E-002   1.4418211235473278E-002   1.1239347254265558E-002   7.5050157110055204E-003   3.1834874362623193E-003  -3.6237679523807635E-013
  -1.2347269188130072E-008   2.1563051002612597E-002   4.9852171835825111E-002   7.3697895399841340E-002   9.4000676864174945E-002  0.11166268024737505       0.12725525217289463       0.14117325578447826       0.15368495067408292       0.16479729682110975       0.17420182574815635       0.17834273293930442       0.16745798045176014       0.12552436652410590        6.2579155067265024E-002   3.1959814019081978E-003   2.6674164299110344E-002   4.2920782456981589E-002   6.0402126398167805E-002   7.2846747234092665E-002   7.9644713831872230E-002   8.0867390857153484E-002   7.8456675415207150E-002   7.5147997672088115E-002   7.3686644954755506E-002   7.6080265671016292E-002   8.3215208765471491E-002   9.4736302395570016E-002  0.10915136141451558       0.12415131198922272       0.13701012441727428       0.14495550333133211       0.14554731035483248       0.13697900015479558       0.11862018301273494        9.1651235902284023E-002   5.7845576469277439E-002   2.1233166142890995E-002  -9.1645373604229748E-003  -3.8691807725999519E-002  -5.8534031956686647E-002  -1.1138493546615703E-002  -6.3841276103897227E-002 -0.13139847074541966      -0.23813225089585449      -0.34103715948854330      -0.44051503698969208      -0.45638308128829908      -0.42674983927027654      -0.38732742113991597      -0.35148910957867713      -0.31878068350714139      -0.28882758962057531      -0.26109750860708308      -0.23551801461083102      -0.21182709488621335      -0.18979669111100222      -0.16929452296896050      -0.15025851556245715      -0.13263572824110859      -0.11638096839566549      -0.10145545106090868       -8.7819490260118954E-002  -7.5426994289187296E-002  -6.4224180602336117E-002  -5.4150394182711815E-002  -4.5138428117606072E-002  -3.7116731346586204E-002  -3.0010567215035571E-002  -2.3744735666788402E-002  -1.8244597054939474E-002  -1.3438184789254858E-002  -9.2566654006450214E-003  -5.6357404546594101E-003  -2.5153650199609238E-003   1.5948221210899212E-004   2.4396232494769683E-003   4.3713858572704449E-003   5.9975849363491703E-003   7.3572691035630345E-003   8.4864191368901557E-003   9.4174925360308755E-003   1.0179771595042348E-002   1.0798915619890855E-002   1.1297217261322370E-002   1.1693393367693218E-002   1.2002999817363353E-002   1.2238599847590450E-002   1.2410351819140868E-002   1.2526564334384906E-002   1.2594259938232091E-002   1.2619848226954637E-002   1.2609348699304987E-002   1.2568860030729507E-002   1.2504274633736549E-002   1.2421595246547287E-002   1.2326341657495339E-002   1.2223939438261285E-002   1.2118991561112557E-002   1.2015818413272613E-002   1.1917631146835047E-002   1.1827257372820525E-002   1.1746270489846907E-002   1.1675891346702690E-002   1.1616107910886943E-002   1.1566707066555094E-002   1.1526362319504085E-002   1.1493772304623864E-002   1.1466746298067458E-002   1.1443474882713982E-002   1.1421679182732774E-002   1.1399942958794904E-002   1.1376788258941214E-002   1.1351828477304577E-002   1.1324618247309745E-002   1.1295567705194067E-002   1.1264677541301109E-002   1.1232365088124717E-002   1.1198306086310282E-002   1.1162309953206604E-002   1.1123414906094404E-002   1.1080870267326745E-002   1.1033488513199869E-002   1.0980643873348067E-002   1.0921740187099072E-002   1.0856992780447067E-002   1.0786831147041062E-002   1.0712348210463095E-002   1.0634684044059926E-002   1.0555282054739965E-002   1.0475437743705466E-002   1.0396478532563183E-002   1.0319529800774579E-002   1.0245600603061381E-002   1.0175538427933268E-002   1.0109971188433500E-002   1.0049417801972965E-002   9.9940530297718093E-003   9.9439605736316074E-003   9.8987421352203404E-003   9.8579652481332550E-003   9.8207026495127688E-003   9.7862417517514139E-003   9.7535602771295742E-003   9.7222023726541654E-003   9.6915455135597635E-003   9.6616882459854073E-003   9.6324409615437395E-003   9.6042249497388637E-003   9.5768798304015045E-003   9.5506663847669555E-003   9.5250166159622264E-003   9.4997219212912716E-003   9.4737099119061863E-003   9.4464374291214244E-003   9.4167034251568405E-003   9.3841656598103399E-003   9.3480993779382678E-003   9.3088737060827188E-003   9.2665462271765385E-003   9.2222142986091646E-003   9.1764941613954789E-003   9.1308315797622389E-003   9.0860144173038233E-003   9.0435179850181270E-003   9.0041106276183940E-003   8.9692041723638920E-003   8.9395304484114983E-003   8.9164305807928577E-003   8.9005736041931800E-003   8.8931375398941057E-003   8.8945788704750187E-003   8.9057151651747990E-003   8.9266181117459587E-003   8.9576632739180369E-003   8.9986233172887238E-003   9.0496930844313900E-003   9.1107427980314324E-003   9.1822109450502062E-003   9.2644184998812544E-003   9.3582546731145067E-003   9.4645436197378034E-003   9.5845578507103256E-003   9.7195072866613531E-003   9.8709531287862144E-003   1.0040482800406406E-002   1.0230065289758658E-002   1.0441913385032390E-002   1.0678747605205314E-002   1.0943766747832668E-002   1.1240728563670820E-002   1.1573934916229428E-002   1.1948091968040508E-002   1.2368317686763827E-002   1.2839858468788936E-002   1.3368195031722790E-002   1.3958694278517658E-002   1.4616833103522606E-002   1.5347789599966478E-002   1.6156737572913062E-002   1.7048341661406941E-002   1.8027059337370588E-002   1.9096508880904407E-002   2.0259735980494704E-002   2.1518459894729100E-002   2.2873309849405245E-002   2.4323005986858444E-002   2.5864611573175194E-002   2.7492711051587394E-002   2.9199687723709379E-002   3.0974890156069818E-002   3.2804877257496895E-002   3.4672532079481365E-002   3.6557245647644586E-002   3.8434008763577263E-002   4.0273597326891251E-002   4.2041745126649467E-002   4.3699439423803790E-002   4.5202283268779696E-002   4.6500987377191855E-002   4.7540981136354798E-002   4.8263129086096555E-002   4.8603589900631766E-002   4.8494753936404171E-002   4.7865343641479922E-002   4.6641580096263853E-002   4.4747530901395514E-002   4.2106480440431415E-002   3.8641472377786666E-002   3.4276723572110770E-002   2.8938243094103935E-002   2.2554918116886983E-002   1.5059287800271407E-002   6.3874044352509414E-003  -5.6843418860874749E-013
  -1.8523555870761015E-008   3.1539147606587672E-002   7.2955261111861139E-002  0.10785534404687948       0.13748940602748996       0.16308993370909067       0.18541406386670470       0.20492866845005819       0.22179503745020693       0.23568461133436786       0.24488233531613857       0.24452849857694511       0.22916888869298477       0.19221266344092242       0.13609435049863997        6.1692863642805830E-002   9.4456146037099273E-003   4.2447239519184984E-002   6.6865186379927638E-002   9.0049870502748444E-002  0.10564292888672844       0.11398529335875843       0.11652662345096569       0.11638018971555610       0.11674728516527967       0.12006682563610160       0.12746815162724595       0.13861568277573277       0.15181617494709881       0.16443656668905191       0.17345478354518429       0.17582747795671341       0.16904754367148456       0.15192023367441287       0.12381273028096665        8.6956655874925098E-002   4.9476267975971051E-002   7.0921224420177334E-003  -2.8585270695394988E-002  -2.7194023509557531E-004  -6.0501344518542215E-002 -0.12277933736015904      -0.21336006140773228      -0.30845404396343062      -0.40016270553396760      -0.49539000217669821      -0.56090824229837855      -0.58543467126102045      -0.57293558099561137      -0.53834621464660781      -0.49733266811719173      -0.45630147271231586      -0.41671397231915702      -0.37885474096645971      -0.34308446532453940      -0.30936142348889628      -0.27763728418571076      -0.24789949938425498      -0.22013791965296622      -0.19433012734864347      -0.17045803648364061      -0.14849829497026185      -0.12841282472147553      -0.11014742768544393       -9.3632081886702370E-002  -7.8783127513553070E-002  -6.5504389837134261E-002  -5.3691971026226741E-002  -4.3236696011130664E-002  -3.4028479336924856E-002  -2.5958255252013451E-002  -1.8920999223352847E-002  -1.2816137971793517E-002  -7.5493110182799647E-003  -3.0314707572737351E-003   8.2020526568059781E-004   4.0834685299807284E-003   6.8301786088656308E-003   9.1271824652412060E-003   1.1035415713034843E-002   1.2610617800768015E-002   1.3902623967330845E-002   1.4956035265900948E-002   1.5809715570766509E-002   1.6497455370178174E-002   1.7047771271353089E-002   1.7484564481046967E-002   1.7827315613345541E-002   1.8091679165537118E-002   1.8290013384307444E-002   1.8431859419643173E-002   1.8524755403109494E-002   1.8574616658409104E-002   1.8586835965356745E-002   1.8566385437784737E-002   1.8518850754601291E-002   1.8449826011983438E-002   1.8365604711146680E-002   1.8271873928392149E-002   1.8174318463799442E-002   1.8077051717017425E-002   1.7983461422058433E-002   1.7894741715350958E-002   1.7811227570953023E-002   1.7731170897000638E-002   1.7652617282411548E-002   1.7572386435570485E-002   1.7488240522676647E-002   1.7397777837573906E-002   1.7300414027987425E-002   1.7195810863975789E-002   1.7085428981453717E-002   1.6970598233738358E-002   1.6853910526277958E-002   1.6737314605529446E-002   1.6623540313299465E-002   1.6514351872237609E-002   1.6411975856544067E-002   1.6317515158159202E-002   1.6232340135972335E-002   1.6156648925450354E-002   1.6090762172967121E-002   1.6033835136949639E-002   1.5985029909356355E-002   1.5942481380824589E-002   1.5904444147755950E-002   1.5868629552897289E-002   1.5833294885312783E-002   1.5796772625931651E-002   1.5758182270459890E-002   1.5716906924089943E-002   1.5672820651179597E-002   1.5625800406497005E-002   1.5575656560981541E-002   1.5521930658392856E-002   1.5463723051244643E-002   1.5399945958965159E-002   1.5329144996494281E-002   1.5250199043443357E-002   1.5162040931795543E-002   1.5064597643829662E-002   1.4958126880454102E-002   1.4844132163975430E-002   1.4724185928429404E-002   1.4600856901978015E-002   1.4476237363208987E-002   1.4353113659033264E-002   1.4233388341543066E-002   1.4119547946248688E-002   1.4012993524528025E-002   1.3915736842569523E-002   1.3828606425821269E-002   1.3753095102284273E-002   1.3689410002113881E-002   1.3638403848931290E-002   1.3599486260655875E-002   1.3572634841446005E-002   1.3556285308864959E-002   1.3549518885479854E-002   1.3550069147327242E-002   1.3556674007541823E-002   1.3567122819277463E-002   1.3580541673205588E-002   1.3595313386960853E-002   1.3611152484212699E-002   1.3626934345367306E-002   1.3642628930965944E-002   1.3657208042480192E-002   1.3670559538614789E-002   1.3681618783441648E-002   1.3690311596107705E-002   1.3695947696525729E-002   1.3699106366602870E-002   1.3700174045698692E-002   1.3700974589481411E-002   1.3703298809299796E-002   1.3710181076202531E-002   1.3724474640399501E-002   1.3749902654450729E-002   1.3789860525387160E-002   1.3848362190326252E-002   1.3929127780903406E-002   1.4036402276515567E-002   1.4174269483499946E-002   1.4347266788245059E-002   1.4559853684255667E-002   1.4816776088297333E-002   1.5122672811399902E-002   1.5482227353913360E-002   1.5899986450821198E-002   1.6380414963893711E-002   1.6928006091242277E-002   1.7547275323803270E-002   1.8243081396690182E-002   1.9020434457678478E-002   1.9884858592413773E-002   2.0841919723717305E-002   2.1897573429868551E-002   2.3057457980957485E-002   2.4327278600850225E-002   2.5711970223047935E-002   2.7216177798247830E-002   2.8843368827718652E-002   3.0596414337036942E-002   3.2476652681521938E-002   3.4484483397832930E-002   3.6618288572890949E-002   3.8874887519654171E-002   4.1248220151445698E-002   4.3729596636997409E-002   4.6306198730595043E-002   4.8961225073032542E-002   5.1672372538758865E-002   5.4412002391970304E-002   5.7145709119239489E-002   5.9832559428674360E-002   6.2423796569255514E-002   6.4863193260131388E-002   6.7085962358118242E-002   6.9019328864618978E-002   7.0581791893396320E-002   7.1684092608978206E-002   7.2229006114805552E-002   7.2112855307185156E-002   7.1225891061130364E-002   6.9454316898410515E-002   6.6681112742418877E-002   6.2788338275131528E-002   5.7658155260252329E-002   5.1175061734362919E-002   4.3226933729761961E-002   3.3706619717012366E-002   2.2513137513653705E-002   9.5513697987940540E-003  -2.7711166694676446E-013
  -2.4702876556906024E-008   4.0626550872633511E-002   9.4039364709766912E-002  0.13903584140105701       0.17714205882249640       0.20982055742324365       0.23791999351470625       0.26197722410325325       0.28198836325262405       0.29712436548464810       0.30536264655399514       0.30299374909716587       0.28698529674185314       0.25432175164670001       0.20274767349290393       0.13888337879195323        6.2219676764886191E-002   1.4383422972207047E-002   5.4494251674067858E-002   8.4520567621143516E-002  0.11148558996253699       0.12955440811648442       0.14007944935518790       0.14513620369840441       0.14767911744074860       0.15004782571163980       0.15348345797752527       0.15788821770558420       0.16194040926696057       0.16343427800712038       0.15995985288342252       0.14965502807308231       0.13039377113572065       0.10215535517821664        7.0368143492614138E-002   2.9015085897833425E-002  -1.0494908991792820E-002   7.2600138243479077E-003  -6.0484312006475770E-002 -0.11629205415223218      -0.19980334028782754      -0.28780911029031769      -0.36901201353021695      -0.45943450909736178      -0.54174044160476753      -0.61748330732854384      -0.66793503620767003      -0.69129438197884374      -0.68579673621028470      -0.65803693513089556      -0.61837308403562408      -0.57401802811435676      -0.52854764109498575      -0.48354561474221497      -0.43980405961644214      -0.39777072812780495      -0.35775550793794569      -0.31991619061287752      -0.28435690931723800      -0.25115769746276007      -0.22036641409358079      -0.19199321124584959      -0.16601531180079768      -0.14238108070869651      -0.12100975358994540      -0.10179716298546942       -8.4619700424271388E-002  -6.9341333773056194E-002  -5.5817989677979046E-002  -4.3903667203215480E-002  -3.3453366281564860E-002  -2.4327880462233685E-002  -1.6394513904441320E-002  -9.5299956823184009E-003  -3.6196766893863488E-003   1.4411583379496779E-003   5.7491775629135173E-003   9.3926097454940186E-003   1.2453364694426485E-002   1.5006561225793155E-002   1.7121822420273915E-002   1.8862157214324382E-002   2.0284566096718689E-002   2.1438769597023122E-002   2.2367746255797082E-002   2.3107140189088778E-002   2.3685996925735042E-002   2.4127278018781371E-002   2.4448990860033219E-002   2.4665526171516190E-002   2.4788908526341833E-002   2.4830351567827827E-002   2.4800721957134002E-002   2.4711592013547189E-002   2.4574503428107953E-002   2.4401612866766013E-002   2.4204276823875638E-002   2.3993873434289124E-002   2.3780096922425085E-002   2.3572066753334345E-002   2.3376506188596866E-002   2.3199184822306533E-002   2.3043114423536154E-002   2.2910430902775215E-002   2.2800562255426333E-002   2.2712484554025397E-002   2.2642831095250220E-002   2.2588338952252596E-002   2.2543977138737525E-002   2.2505646545759338E-002   2.2468450589071879E-002   2.2429514803048063E-002   2.2386063736611627E-002   2.2337771915146343E-002   2.2284308892951417E-002   2.2227103637087645E-002   2.2166694127663318E-002   2.2104310430701376E-002   2.2039475399602885E-002   2.1971789324614105E-002   2.1899075096496926E-002   2.1819442086470273E-002   2.1730047154586228E-002   2.1629193638159187E-002   2.1515359859785071E-002   2.1388819222011923E-002   2.1250456002241236E-002   2.1102620248986587E-002   2.0947856127345468E-002   2.0789342947052931E-002   2.0629983282574770E-002   2.0472690862794001E-002   2.0319950832450473E-002   2.0173909290236065E-002   2.0036338832543014E-002   1.9908458694431731E-002   1.9791226172225816E-002   1.9684820186055964E-002   1.9589225364265547E-002   1.9503389760370356E-002   1.9426216018764788E-002   1.9355580110763299E-002   1.9289882877809247E-002   1.9226955403667954E-002   1.9165936581965252E-002   1.9105710817216112E-002   1.9046749783596360E-002   1.8988949300650211E-002   1.8933472693267100E-002   1.8880211644543333E-002   1.8829867328810066E-002   1.8781310255397005E-002   1.8734067139392876E-002   1.8685776777394813E-002   1.8635111796856875E-002   1.8579350821463836E-002   1.8517565588361335E-002   1.8448091526720251E-002   1.8371604158466309E-002   1.8288216881319284E-002   1.8200242024965212E-002   1.8109034460643582E-002   1.8017653751006866E-002   1.7927800616716096E-002   1.7842559862136797E-002   1.7763547515030498E-002   1.7693661813655701E-002   1.7634392526232709E-002   1.7588436791978548E-002   1.7557112869302723E-002   1.7542739192019804E-002   1.7546160080134668E-002   1.7568909302342103E-002   1.7610994980444789E-002   1.7673000465803959E-002   1.7754307262349861E-002   1.7855153002734651E-002   1.7975190113897092E-002   1.8115247645101733E-002   1.8275989141473326E-002   1.8459217382862689E-002   1.8666630170605790E-002   1.8900765319768940E-002   1.9164016811169853E-002   1.9459391120062765E-002   1.9789923331223640E-002   2.0159333690409623E-002   2.0571851606028979E-002   2.1032698674622236E-002   2.1548138817683693E-002   2.2125576454091505E-002   2.2773608581689787E-002   2.3501647352905216E-002   2.4319999330081592E-002   2.5239196550714986E-002   2.6270285412240937E-002   2.7424045711289573E-002   2.8711527593112254E-002   3.0143160573065819E-002   3.1729434506907489E-002   3.3479822875641045E-002   3.5403472947244129E-002   3.7507878867724054E-002   3.9799487469882523E-002   4.2282126534547305E-002   4.4957535398949436E-002   4.7823668938023998E-002   5.0875255962060412E-002   5.4102119275473606E-002   5.7489782250702587E-002   6.1017771124492817E-002   6.4660125098727081E-002   6.8383572427344205E-002   7.2147872986708592E-002   7.5903933092269990E-002   7.9594122693327093E-002   8.3150555714208180E-002   8.6495618835392599E-002   8.9540651826956946E-002   9.2186879984438183E-002   9.4324616905499828E-002   9.5834663820959051E-002   9.6588037359776155E-002   9.6447823175151909E-002   9.5269428503992601E-002   9.2902934995879732E-002   8.9193910606829518E-002   8.3986237390143575E-002   7.7123392928946155E-002   6.8451395910289509E-002   5.7820321849223200E-002   4.5086506465958777E-002   3.0114537662479499E-002   1.2776577092678300E-002  -7.0699002208212979E-013
  -3.0886304161155953E-008   4.8644429582801643E-002  0.11269888615459767       0.16665843474946795       0.21223415088163083       0.25106288309395913       0.28406288285626835       0.31177453483823214       0.33408217417405389       0.35004286032970444       0.35804353781058235       0.35583945849912385       0.34086276445635816       0.31161044278396127       0.26642361728522007       0.20926114577375335       0.14187932574166739        6.2933087526561710E-002   1.8255203070675147E-002   6.3372970817141175E-002   9.6782977662704966E-002  0.12590212425489963       0.14531941630783662       0.15663529523460629       0.16140526255867801       0.16158394388464231       0.15847726017539343       0.15248750424187726       0.14317494979422887       0.12991222992359974       0.11117303553516003        8.6754666084807655E-002   6.0981412113662530E-002   2.6172590016863340E-002  -8.4658557669749345E-003   9.0362065850997306E-003  -6.0125177338398908E-002 -0.11234087322367489      -0.19333122296716804      -0.27512852098734586      -0.34860124055073477      -0.43330133183955477      -0.51289505872791830      -0.58903205629205835      -0.66124691232333199      -0.72145054568656342      -0.76456242645305905      -0.78293241436507111      -0.77778276328179341      -0.75434914008793097      -0.71759440144112352      -0.67269928953108749      -0.62400855274097222      -0.57408406367745501      -0.52430721705723149      -0.47559230060863611      -0.42856626696159705      -0.38364593994393076      -0.34113555828515707      -0.30125059631370688      -0.26412950434025750      -0.22984815652957535      -0.19842440931698960      -0.16982408903727322      -0.14396598950052406      -0.12073230598418921       -9.9977102987383909E-002  -8.1535984435555528E-002  -6.5233663291785121E-002  -5.0893121474141712E-002  -3.8339027732914956E-002  -2.7404175192813192E-002  -1.7929506903875545E-002  -9.7668996374656192E-003  -2.7771224687792705E-003   3.1690945842602169E-003   8.1936037123976190E-003   1.2409464182027428E-002   1.5922582171583492E-002   1.8829914472623888E-002   2.1220712016675115E-002   2.3174851719248539E-002   2.4763920832243044E-002   2.6050036589231804E-002   2.7086724575953014E-002   2.7918545947273245E-002   2.8582074864101581E-002   2.9106326946319566E-002   2.9513834092176974E-002   2.9821722570722922E-002   3.0042598746073568E-002   3.0186174462794174E-002   3.0259922322636565E-002   3.0271230379329824E-002   3.0227518019971311E-002   3.0138135862549233E-002   3.0013043562529203E-002   2.9863839823242682E-002   2.9701231932413499E-002   2.9535844062832908E-002   2.9375282372750250E-002   2.9225595005014576E-002   2.9088504370842330E-002   2.8963884091688149E-002   2.8847604967371092E-002   2.8734972256247899E-002   2.8619091159400718E-002   2.8494869404622210E-002   2.8357237434557404E-002   2.8204739585222550E-002   2.8036780144347503E-002   2.7856252955752118E-002   2.7666074102518794E-002   2.7471464459587990E-002   2.7276576481202457E-002   2.7086859774973448E-002   2.6905949225647544E-002   2.6738089716720974E-002   2.6585349928022563E-002   2.6450013424745813E-002   2.6332165108599599E-002   2.6231916289513671E-002   2.6147313701540532E-002   2.6076345251929350E-002   2.6015269806065115E-002   2.5960598268264946E-002   2.5908105018275163E-002   2.5854709317213780E-002   2.5797781385920596E-002   2.5736253004465331E-002   2.5669715718368881E-002   2.5598582512734308E-002   2.5523262444680554E-002   2.5443818378665575E-002   2.5359668073077459E-002   2.5269182225866535E-002   2.5170205462812126E-002   2.5059730161793609E-002   2.4935285098159836E-002   2.4794464148258567E-002   2.4636756890325750E-002   2.4462378324896828E-002   2.4273942967075288E-002   2.4074301689522841E-002   2.3868167965437063E-002   2.3659430533945966E-002   2.3453220015855501E-002   2.3253072735076544E-002   2.3063521815385065E-002   2.2887103082863000E-002   2.2727363835576688E-002   2.2585672306052372E-002   2.2464496812991591E-002   2.2363993124927123E-002   2.2285415157358733E-002   2.2227473940273322E-002   2.2189868637670526E-002   2.2169607981776793E-002   2.2164846369902898E-002   2.2171460699911640E-002   2.2187177968605150E-002   2.2208231214501665E-002   2.2233299076944293E-002   2.2259888501313749E-002   2.2287838714652921E-002   2.2315534001904572E-002   2.2343151354509354E-002   2.2369056224057302E-002   2.2393021507880025E-002   2.2413080576211022E-002   2.2428823800930264E-002   2.2438757957287520E-002   2.2443530256336702E-002   2.2443557710075189E-002   2.2441766548106142E-002   2.2441165471136892E-002   2.2446896800694706E-002   2.2463859936578439E-002   2.2498362626954926E-002   2.2556165862369207E-002   2.2643977717143503E-002   2.2768013038955114E-002   2.2935274236026860E-002   2.3152511077595597E-002   2.3427146914429646E-002   2.3766511146344878E-002   2.4178324276556178E-002   2.4670161027480254E-002   2.5249562192522477E-002   2.5923859952475738E-002   2.6700145871905528E-002   2.7585627491664030E-002   2.8587524166102694E-002   2.9713788877893579E-002   3.0972668161980455E-002   3.2373450755077068E-002   3.3925516704906358E-002   3.5639031077457126E-002   3.7523598116187010E-002   3.9589013902705729E-002   4.1843731005847942E-002   4.4295787922002464E-002   4.6951229675592343E-002   4.9815228151762543E-002   5.2890461911694796E-002   5.6178261838249408E-002   5.9676765575358795E-002   6.3381781749024452E-002   6.7284511532383739E-002   7.1371993404642953E-002   7.5624494273361847E-002   8.0015741633275905E-002   8.4510296489593822E-002   8.9063803272563496E-002   9.3620523523906082E-002   9.8113675378906334E-002  0.10246318807359016       0.10657619097925231       0.11034510680281169       0.11364847603085397       0.11634965260668910       0.11829831451696669       0.11933011321455847       0.11926918268451496       0.11792889842179716       0.11511533470983917       0.11062888173166872       0.10426824690681426        9.5832497003529554E-002   8.5124973236219953E-002   7.1955485936053359E-002   5.6143016817857022E-002   3.7518455382751982E-002   1.5923424362566645E-002  -3.3395508580763922E-013
  -3.7074829886050648E-008   5.5470353215769604E-002  0.12864002050070689       0.19030343011352685       0.24228119724294062       0.28632166602329301       0.32340493018538929       0.35408220248618916       0.37828476880400541       0.39533370094983927       0.40401700262818829       0.40289544143846479       0.39004669564105265       0.36464086811850993       0.32657429904747048       0.27554549039528098       0.21494177104982526       0.14580341987546655        6.4957283279010319E-002   2.0344230367152383E-002   6.6514219682674597E-002   9.8952911245302644E-002  0.12578046543699817       0.14143907718003565       0.14735863725951265       0.14443864643510276       0.13422115898474885       0.11835566735232571        9.7171315712616210E-002   7.1694649480945408E-002   4.6941082516330342E-002   1.5444695401530277E-002  -1.4689182295591491E-002   6.6459974320266894E-003  -5.8802765359268143E-002 -0.10965066268624687      -0.18923437368343454      -0.26703893433775511      -0.33609872811806474      -0.41656578400421340      -0.49082426733100937      -0.56304607496660242      -0.63642943679322772      -0.70386865048607972      -0.76544556178414747      -0.81380322905048763      -0.84771085449818095      -0.86122015123960083      -0.85569603338867017      -0.83349238545254878      -0.79800403738722991      -0.75333731743140431      -0.70310200851790439      -0.64993378644198752      -0.59572755873665550      -0.54180780815974083      -0.48910286553034876      -0.43830707031034521      -0.38993707529626448      -0.34436247179145713      -0.30183607925306638      -0.26251103880215915      -0.22644872794449056      -0.19363184772483161      -0.16397882976747358      -0.13735664474029494      -0.11359379482656330       -9.2495261875335993E-002  -7.3851263463317565E-002  -5.7450210612096028E-002  -4.3083252399512342E-002  -3.0552085276045197E-002  -1.9669850718121537E-002  -1.0265157583858242E-002  -2.1797459540891248E-003   4.7298247120490088E-003   1.0596145324228255E-002   1.5540603498505697E-002   1.9677368009001557E-002   2.3112258595757097E-002   2.5944760309125948E-002   2.8265589446329981E-002   3.0156837876555799E-002   3.1689992736947753E-002   3.2925779594300750E-002   3.3913311534689114E-002   3.4691208260871652E-002   3.5288155489567881E-002   3.5725170132763877E-002   3.6017959940692575E-002   3.6179202708140547E-002   3.6221493587694512E-002   3.6158235782340224E-002   3.6005352297157137E-002   3.5779865531692483E-002   3.5500692506133087E-002   3.5186149094427702E-002   3.4854916946762821E-002   3.4523166889736334E-002   3.4206077286938780E-002   3.3914552989715650E-002   3.3657714471924775E-002   3.3439601860910162E-002   3.3262503955677085E-002   3.3124007501020986E-002   3.3020788890594607E-002   3.2945761373693302E-002   3.2892167001520776E-002   3.2850653165142039E-002   3.2813753974876070E-002   3.2773269166692785E-002   3.2724860092988223E-002   3.2665028038897648E-002   3.2594672312595406E-002   3.2514948443183200E-002   3.2429843953897107E-002   3.2341622949548461E-002   3.2253248668265885E-002   3.2164466341175812E-002   3.2074484831125565E-002   3.1979285872104260E-002   3.1874829276170122E-002   3.1755435514594740E-002   3.1617233125523461E-002   3.1456976296912555E-002   3.1274608600789872E-002   3.1071567126212552E-002   3.0851872165195148E-002   3.0620151272149999E-002   3.0382038157825753E-002   3.0142820371457820E-002   2.9907654486818730E-002   2.9680938489309590E-002   2.9466279111196304E-002   2.9266526020635820E-002   2.9083365804303738E-002   2.8917961445203852E-002   2.8770034980235334E-002   2.8639000625469101E-002   2.8522531471484598E-002   2.8418297482024291E-002   2.8322356650465112E-002   2.8231827547554211E-002   2.8143145832875784E-002   2.8055209298090644E-002   2.7966765397147150E-002   2.7879352204561326E-002   2.7793613968366271E-002   2.7712212667866498E-002   2.7635596268994863E-002   2.7565288482990152E-002   2.7499610745329955E-002   2.7437660905155273E-002   2.7375265144114504E-002   2.7309728729830580E-002   2.7236047825318983E-002   2.7152121398643939E-002   2.7054845678362537E-002   2.6945059003631207E-002   2.6822950073228897E-002   2.6692341211029806E-002   2.6555635828210369E-002   2.6417916184234683E-002   2.6282113896259184E-002   2.6153244617054771E-002   2.6033980517320005E-002   2.5928875561618287E-002   2.5840237899274893E-002   2.5772137871962555E-002   2.5726472978721281E-002   2.5706594395093159E-002   2.5713557034659600E-002   2.5749365387679145E-002   2.5813654068468285E-002   2.5906835774301334E-002   2.6027542767900792E-002   2.6175741443686732E-002   2.6350710606787689E-002   2.6553615985165969E-002   2.6785566603266139E-002   2.7049390656585012E-002   2.7347809801087100E-002   2.7684647540884306E-002   2.8063447631225015E-002   2.8488414208062026E-002   2.8963720968396580E-002   2.9494351870076631E-002   3.0086100792600681E-002   3.0746194985488830E-002   3.1483657602138303E-002   3.2309297163393084E-002   3.3235998721547089E-002   3.4277895403924480E-002   3.5450645530858228E-002   3.6770161838141295E-002   3.8253240370711275E-002   3.9916168796503344E-002   4.1775760737281918E-002   4.3847829565304641E-002   4.6148440798507322E-002   4.8692128523329443E-002   5.1493152364445412E-002   5.4563345921571069E-002   5.7913217988652746E-002   6.1549433197877680E-002   6.5475753804816891E-002   6.9690353210351344E-002   7.4186791309786684E-002   7.8951412420411871E-002   8.3964391388030274E-002   8.9197122974385576E-002   9.4613034404363139E-002  0.10016472414958254       0.10579440213277926       0.11143089009203112       0.11698995020675612       0.12237153866274540       0.12746043716187885       0.13212415349681456       0.13621417630643171       0.13956474219902987       0.14199481844068645       0.14330771516811946       0.14329380376901601       0.14173099212173029       0.13838830075081215       0.13302737759526950       0.12540695209574870       0.11528528884532865       0.10242492393506283        8.6595678878787261E-002   6.7578076080580737E-002   4.5167503608255076E-002   1.9172172807777031E-002  -5.2224891078428675E-013
  -4.3269434276030370E-008   6.1053187252892493E-002  0.14173697541050576       0.20978974923381591       0.26708883443286530       0.31544257085082417       0.35589163502538018       0.38906040802483499       0.41501438838879234       0.43340177747239950       0.44339802917173649       0.44401465844651317       0.43418250298705452       0.41310507394100809       0.38131866796693958       0.33817070129680948       0.28431267268737309       0.22288710666506384       0.15226283201741439        6.8571375913626498E-002   1.6793941694330454E-002   5.8170940172249920E-002   8.1844621071780838E-002   9.8223399163907585E-002  0.10218809117911262        9.5683398650459175E-002   7.9728858576476463E-002   5.7260230967366689E-002   3.5115143268988007E-002   6.2652825277232293E-003  -2.0938858533070214E-002   3.6116804497932659E-003  -5.7221739710549613E-002 -0.10771927706788516      -0.18559212861297070      -0.26090683961906946      -0.32749737654430383      -0.40504734795997988      -0.47538862538483356      -0.54422118816713705      -0.61495624342987465      -0.68167935801657642      -0.74650589320806493      -0.80521844608166437      -0.85607505835959474      -0.89548829389235507      -0.92085155083865156      -0.92973058396868269      -0.92229330971725965      -0.89941273790520915      -0.86407372128387372      -0.81929902572308244      -0.76783674904611399      -0.71221235051266507      -0.65452383636735345      -0.59633312663315141      -0.53883755587856019      -0.48297618105407381      -0.42946823977908405      -0.37885111585520309      -0.33150793858065386      -0.28767979820951106      -0.24748480377588930      -0.21093274052978397      -0.17794466894900154      -0.14837450715321038      -0.12202447487100503       -9.8669992231604456E-002  -7.8069962250382957E-002  -5.9983327593465433E-002  -4.4176229086381379E-002  -3.0429167121819749E-002  -1.8537400888754219E-002  -8.3135856277019061E-003   4.1728361349690118E-004   7.8174120776535547E-003   1.4041104739426291E-002   1.9233155077741693E-002   2.3531236577094040E-002   2.7062948997589310E-002   2.9946660979407853E-002   3.2289303151396741E-002   3.4186433470086236E-002   3.5720473289328300E-002   3.6961262102057461E-002   3.7965196846125780E-002   3.8776681782583554E-002   3.9428787570255704E-002   3.9945166854446920E-002   4.0341965447635880E-002   4.0629507161954646E-002   4.0814982472013296E-002   4.0903748883323293E-002   4.0902788631947525E-002   4.0821154315623484E-002   4.0672588003008270E-002   4.0473180376789555E-002   4.0242434537500843E-002   3.9998466513688963E-002   3.9759241754712543E-002   3.9537309806202042E-002   3.9342026702209994E-002   3.9175170137432366E-002   3.9034837825393499E-002   3.8912149858255758E-002   3.8797015303888113E-002   3.8675797619579823E-002   3.8538021842293907E-002   3.8373989549895078E-002   3.8180595535890066E-002   3.7957067209992285E-002   3.7708786081922817E-002   3.7441652474830930E-002   3.7165391425096977E-002   3.6888100786814301E-002   3.6619685065790178E-002   3.6366992980383962E-002   3.6137182866293686E-002   3.5933641743565274E-002   3.5759407881036764E-002   3.5613810455926813E-002   3.5495808778100886E-002   3.5401185986465515E-002   3.5325514067550301E-002   3.5261981884621540E-002   3.5204278285533172E-002   3.5145546784983092E-002   3.5081151071658490E-002   3.5007946253673677E-002   3.4925583872428161E-002   3.4835118177533618E-002   3.4738815219757108E-002   3.4638722734725978E-002   3.4535890875916422E-002   3.4429929265333961E-002   3.4318135714512997E-002   3.4196610432754945E-002   3.4059629185310691E-002   3.3902150954651517E-002   3.3719207799664433E-002   3.3509078394263050E-002   3.3271520986098889E-002   3.3010477753426082E-002   3.2730539376477553E-002   3.2439391176353700E-002   3.2143490029326233E-002   3.1851246614739634E-002   3.1568539057345295E-002   3.1302667807911203E-002   3.1057712406845586E-002   3.0839054431029425E-002   3.0648562891851062E-002   3.0489575029154219E-002   3.0361777743996184E-002   3.0266450402308381E-002   3.0201014817381966E-002   3.0164370929643178E-002   3.0151414143936111E-002   3.0158808159364486E-002   3.0179996474607909E-002   3.0211447968827496E-002   3.0247792476771927E-002   3.0287602571886989E-002   3.0327988678233948E-002   3.0369537863369617E-002   3.0410682069667169E-002   3.0452225309226925E-002   3.0492069130957658E-002   3.0529789076789979E-002   3.0562135058997176E-002   3.0587803054208062E-002   3.0603842610855487E-002   3.0610351033372805E-002   3.0607346726308840E-002   3.0598659542080436E-002   3.0588583213742620E-002   3.0584564695018895E-002   3.0593851139578524E-002   3.0625571193935393E-002   3.0688085607839730E-002   3.0790882740968861E-002   3.0942750568465335E-002   3.1153360928988398E-002   3.1432053631111859E-002   3.1788911484070197E-002   3.2233945330420427E-002   3.2777524148353165E-002   3.3429875621651568E-002   3.4200942165543077E-002   3.5100413046463740E-002   3.6137408961886386E-002   3.7321369794805173E-002   3.8661716921272155E-002   4.0169277128642843E-002   4.1855404097911351E-002   4.3733321971000681E-002   4.5816430534025628E-002   4.8119503439188513E-002   5.0656430708284204E-002   5.3441518335748749E-002   5.6487019028933827E-002   5.9804724447557432E-002   6.3403535443616585E-002   6.7291364888483973E-002   7.1472758318387161E-002   7.5950845642224762E-002   8.0724677253684304E-002   8.5790672724451775E-002   9.1139254939517925E-002   9.6755525709791290E-002  0.10261537521787890       0.10868577305201457       0.11492090104817834       0.12126243945413047       0.12763595348421999       0.13395123597760253       0.14009898823151454       0.14595127692738338       0.15135866159825734       0.15615105332989082       0.16013571095750370       0.16309907846119912       0.16480629321011889       0.16500461719055323       0.16342475054217018       0.15978586596443856       0.15379836489604456       0.14516984822230294       0.13360873045268873       0.11883015482333284       0.10056012000418402        7.8539401901778771E-002   5.2529069394617503E-002   2.2307398061677385E-002  -4.6185277824460729E-014
  -4.9471073006643994E-008   6.5369868930785946E-002  0.15192384220217051       0.22501490674014538       0.28653441816098385       0.33831737277437440       0.38146388327439940       0.41671539831274373       0.44430994352164238       0.46414301408974334       0.47577080824215351       0.47858511791717906       0.47215855834575859       0.45585110229906506       0.42973336195196210       0.39454698191651927       0.34973587626255043       0.29560527128806413       0.23437026883454953       0.16236610598052481        7.6141992856084584E-002   1.1924127391588974E-002   3.6784372293874788E-002   4.3747589910078509E-002   4.3522496183079545E-002   3.1196939698969816E-002   1.5939919436382982E-002  -7.3561938659265566E-003  -3.0282179524199895E-002   1.1116604949276564E-003  -5.6697668580737957E-002 -0.10675693266596534      -0.18271983593499047      -0.25616267148500593      -0.32094475003117456      -0.39592756109789173      -0.46362861714729270      -0.53003069131875991      -0.59821642376540218      -0.66271486998019768      -0.72680470515092988      -0.78749193780212323      -0.84356792936050906      -0.89369094199183885      -0.93541410096305666      -0.96664236889665356      -0.98464854211664565      -0.98850617330733037      -0.97784598617153173      -0.95346073532447106      -0.91735966664889435      -0.87170095023739236      -0.81889627547593413      -0.76125114240228853      -0.70075796143822056      -0.63910383310695529      -0.57770634453097647      -0.51770866105362179      -0.46001959724785274      -0.40533603796576084      -0.35415904499308798      -0.30680594770782704      -0.26343357811696705      -0.22406529984465803      -0.18860792076909758      -0.15689082340045940      -0.12868153275236136      -0.10371608216561218       -8.1715609555091454E-002  -6.2403408999136011E-002  -4.5513487589290753E-002  -3.0800073532895877E-002  -1.8037576661355578E-002  -7.0234650351408334E-003   2.4259299017953583E-003   1.0475724039798757E-002   1.7278908536021469E-002   2.2977943856037943E-002   2.7709732953694617E-002   3.1605460648460613E-002   3.4790792303930597E-002   3.7382081276657889E-002   3.9485303720849962E-002   4.1190969573999016E-002   4.2574599713365184E-002   4.3694243322585306E-002   4.4591445365750937E-002   4.5293598703870057E-002   4.5816410146987833E-002   4.6168651860677437E-002   4.6356281881531278E-002   4.6387624788154183E-002   4.6275047756660415E-002   4.6037639087061842E-002   4.5698431582319475E-002   4.5285261317779213E-002   4.4825830989199601E-002   4.4349650320653147E-002   4.3882134943593866E-002   4.3447126493650956E-002   4.3061407793083324E-002   4.2737784780649019E-002   4.2480755938644220E-002   4.2291151187010538E-002   4.2161968155884598E-002   4.2084788738389341E-002   4.2045465468947711E-002   4.2030846794616813E-002   4.2024507986858195E-002   4.2013771729009435E-002   4.1985972981730540E-002   4.1935703374122529E-002   4.1860101817145466E-002   4.1763873208053470E-002   4.1652621389499364E-002   4.1535683161346780E-002   4.1419583192624759E-002   4.1310528420020372E-002   4.1208966061829576E-002   4.1113341967717064E-002   4.1016226249777119E-002   4.0909325781373018E-002   4.0781684455278813E-002   4.0624963118946970E-002   4.0432544969065051E-002   4.0203350011910118E-002   3.9939612956483440E-002   3.9647986455729305E-002   3.9336551637386460E-002   3.9014981827457239E-002   3.8692501115763958E-002   3.8377881998763949E-002   3.8078571753699685E-002   3.7800228309163179E-002   3.7547019731046398E-002   3.7320762707146647E-002   3.7122202565007263E-002   3.6949609204623167E-002   3.6800779773143492E-002   3.6670859210396083E-002   3.6555166546563933E-002   3.6446767411064722E-002   3.6340786577631255E-002   3.6231900469579310E-002   3.6119211399284888E-002   3.6002193354386605E-002   3.5884833917819998E-002   3.5769923308491228E-002   3.5663034580508610E-002   3.5566112538730696E-002   3.5482196872675460E-002   3.5409008180419081E-002   3.5344827062525432E-002   3.5282642820594783E-002   3.5217192303960553E-002   3.5139719903601541E-002   3.5045772022036584E-002   3.4929866741990966E-002   3.4792739950433985E-002   3.4634774489878811E-002   3.4461905730899370E-002   3.4278268388729723E-002   3.4091775245963338E-002   3.3907263561403889E-002   3.3732333960536980E-002   3.3571141318380578E-002   3.3430227617321853E-002   3.3312814818249221E-002   3.3224317708265422E-002   3.3167031255595024E-002   3.3145049340838138E-002   3.3159263176562363E-002   3.3211656366096368E-002   3.3300905428303461E-002   3.3426565741845937E-002   3.3585905705320176E-002   3.3778123454390206E-002   3.4001958081974780E-002   3.4258963384937342E-002   3.4551035180893822E-002   3.4882355325059421E-002   3.5257062033270406E-002   3.5680383262010770E-002   3.6156992509216397E-002   3.6691893282892393E-002   3.7289831666595476E-002   3.7956172447335269E-002   3.8697430793485706E-002   3.9521927334005759E-002   4.0440873969672386E-002   4.1468073255257004E-002   4.2620707986228711E-002   4.3917708590769482E-002   4.5380401913163407E-002   4.7030279744158514E-002   4.8890210074780921E-002   5.0982153382273736E-002   5.3328978841558565E-002   5.5952044310045447E-002   5.8873328401161246E-002   6.2112703444114757E-002   6.5690056931960977E-002   6.9622121035080461E-002   7.3924316356603306E-002   7.8607093136674980E-002   8.3677473791520560E-002   8.9135194276833113E-002   9.4974277545091301E-002  0.10117943431029755       0.10772774153072702       0.11458506817541721       0.12170725265914270       0.12903605344017302       0.13649956920472592       0.14400791397591997       0.15145334588103956       0.15870630156886653       0.16561587839040492       0.17200683218048080       0.17768094074759705       0.18241525983054335       0.18596453479765818       0.18806069725295027       0.18841625697004413       0.18672513478158598       0.18266743415219355       0.17591199360716528       0.16612279859072540       0.15296327769945889       0.13610331578150231       0.11522480921113715        9.0026506109954982E-002   6.0231970404896244E-002   2.5584892118807458E-002  -2.6290081223154565E-013
  -5.5680577409013921E-008   6.8449826509351469E-002  0.15925600598708856       0.23605277277078390       0.30071128338111436       0.35507197034973131       0.40028890929070493       0.43720846764272536       0.46624176457248145       0.48750090674882257       0.50087037170697712       0.50606108610901723       0.50291665945649944       0.49133080483884528       0.47106725638806046       0.44288646169767587       0.40731187984067246       0.36302102461930141       0.31088559807344263       0.25294038411523551       0.18104705476005409        8.5861273190988574E-002  -2.1389147835853975E-003   9.0173318995339247E-003  -3.6103464549818820E-004  -1.8633580081944920E-002  -4.2677286948288005E-002  -9.8017003908607570E-003  -5.6631349659135979E-002 -0.10793372979399038      -0.18148393440744920      -0.25299129304907009      -0.31579662882974041      -0.38799041154133879      -0.45340500105406367      -0.51764759895047741      -0.58376054787399034      -0.64628148101929150      -0.70908929698491374      -0.76935538224327904      -0.82652433552811455      -0.88036806955153091      -0.92912915547480723      -0.97139611131271164       -1.0051143657989192       -1.0286556347449336       -1.0403261437402589       -1.0392024781554465       -1.0249249389562460      -0.99826246041512279      -0.96045606094208180      -0.91325194358034623      -0.85872649354210273      -0.79888977367342673      -0.73565042039288564      -0.67077990788798447      -0.60582168967286421      -0.54208076478078471      -0.48063153296088401      -0.42231960178523226      -0.36775608519670139      -0.31734369158610426      -0.27127429550074922      -0.22958086056642446      -0.19215072208273454      -0.15877488139860954      -0.12918077200373876      -0.10305945800097492       -8.0094090821632893E-002  -5.9980093320822055E-002  -4.2430469211129300E-002  -2.7189789449844730E-002  -1.4027835405408466E-002  -2.7402269044115562E-003   6.8604239247866787E-003   1.4948985556877995E-002   2.1695619338723084E-002   2.7265463171555940E-002   3.1819938195015537E-002   3.5512368693740713E-002   3.8488635538365089E-002   4.0880313905397786E-002   4.2806489119085411E-002   4.4367485336664160E-002   4.5645850951447985E-002   4.6704704426914573E-002   4.7588908056352901E-002   4.8327504734052916E-002   4.8935563799278083E-002   4.9419270609818426E-002   4.9777700573440414E-002   5.0008339607121012E-002   5.0108520495338427E-002   5.0082143039655379E-002   4.9939114617997708E-002   4.9700619001168421E-002   4.9392965269156944E-002   4.9048917176570457E-002   4.8699382842419411E-002   4.8373723877738015E-002   4.8092251259493540E-002   4.7868774848892376E-002   4.7704087677249853E-002   4.7591760047511054E-002   4.7513993821056373E-002   4.7450118501321074E-002   4.7374148460726379E-002   4.7265470027712274E-002   4.7106257021478193E-002   4.6890483015395258E-002   4.6617752613101512E-002   4.6298174879930730E-002   4.5943817371871143E-002   4.5572288045921519E-002   4.5199394153288386E-002   4.4842641509147102E-002   4.4514586745185152E-002   4.4226874044140226E-002   4.3984546884868178E-002   4.3790797611824195E-002   4.3642614819225801E-002   4.3535708544521969E-002   4.3461151086359742E-002   4.3409682806241127E-002   4.3369093614900940E-002   4.3328369137133484E-002   4.3276811807683495E-002   4.3208201755446714E-002   4.3119966444288726E-002   4.3014582296036018E-002   4.2897250408027450E-002   4.2774478134313107E-002   4.2652283062912362E-002   4.2533914297653422E-002   4.2419564941812933E-002   4.2304881371430070E-002   4.2182633290261361E-002   4.2042127940060632E-002   4.1873317662161326E-002   4.1666266395304997E-002   4.1416464402402237E-002   4.1122507182073435E-002   4.0790078141814325E-002   4.0426502648633268E-002   4.0043977090293427E-002   3.9653118774496343E-002   3.9267301846174107E-002   3.8896190450553245E-002   3.8551203142121314E-002   3.8238647610175508E-002   3.7966317367436546E-002   3.7736361420403701E-002   3.7552632103370037E-002   3.7413490633594358E-002   3.7319362465166629E-002   3.7265233682228095E-002   3.7248208706411844E-002   3.7259847901210633E-002   3.7294322221241301E-002   3.7341718836072860E-002   3.7396926582989452E-002   3.7453130106512571E-002   3.7509623844257961E-002   3.7564181106270363E-002   3.7619449548091981E-002   3.7674914683156889E-002   3.7732806601608819E-002   3.7790833912838197E-002   3.7848115994735192E-002   3.7899407584663522E-002   3.7941397419037015E-002   3.7968401737351963E-002   3.7978771235792373E-002   3.7971318427830941E-002   3.7950419959673527E-002   3.7921853093021249E-002   3.7895807263341387E-002   3.7882528479642852E-002   3.7894487196079421E-002   3.7943171160522773E-002   3.8041131287363660E-002   3.8199952195235073E-002   3.8431921924723528E-002   3.8748869025227041E-002   3.9163159887111068E-002   3.9687145980113331E-002   4.0333258819893157E-002   4.1113872286137658E-002   4.2040557014701940E-002   4.3124617344545056E-002   4.4376205672803676E-002   4.5806188103349112E-002   4.7425401969980900E-002   4.9247258623108137E-002   5.1286116530421789E-002   5.3559526420565412E-002   5.6085315568008366E-002   5.8883538905045128E-002   6.1972863170804492E-002   6.5372655544374797E-002   6.9099253681373179E-002   7.3168512664585891E-002   7.7592304923669878E-002   8.2381591629437645E-002   8.7543181455640967E-002   9.3082919074075315E-002   9.9002164213286295E-002  0.10530010897312525       0.11196915311329213       0.11899583174336557       0.12635538403741042       0.13401205527893298       0.14191380706438453       0.14999257257327259       0.15815937581148179       0.16630449613900139       0.17429294388737754       0.18196458651394470       0.18913013421128111       0.19557161964579470       0.20103947823964291       0.20525435285744381       0.20790633186001353       0.20865916343676982       0.20715240382038058       0.20300806610351602       0.19583513543160433       0.18523785779309163       0.17082174424153337       0.15220210256127861       0.12901131756882736       0.10090431147601876        6.7568836671753479E-002   2.8718977717987267E-002   3.3040237212883448E-013
  -6.1898849868204786E-008   7.0321563144125049E-002  0.16378229282093415       0.24295459331444846       0.30966292100040582       0.36573002502316870       0.41235314103784110       0.45045980455290735       0.48060341083150332       0.50308759132823921       0.51804209854928007       0.52546821305468494       0.52531177998555234       0.51782138318385107       0.50314938929191233       0.48134871586091404       0.45330588051973275       0.41954028572516744       0.37911205056394698       0.33217220415648130       0.27933897919380352       0.21139947641940190       0.12914840493801016       -1.9454835526610786E-002   1.1400258896979647E-002   3.4176535648522417E-002  -7.5254064527800840E-002 -0.11913462012149779      -0.18643806191350548      -0.25162289835413254      -0.31140133043270540      -0.38096194798853317      -0.44378259011714816      -0.50562761048068727      -0.56971607384502021      -0.63050732478270743      -0.69200699918758413      -0.75133088491615074      -0.80836836901641096      -0.86327628493240438      -0.91472279805782952      -0.96192544263711199       -1.0036365052259948       -1.0384282561927358       -1.0648842874045277       -1.0815083762408568       -1.0871922405149064       -1.0810592715876579       -1.0629446520205768       -1.0333474589264602      -0.99320193693656800      -0.94397636483011671      -0.88737532759924043      -0.82521423784300696      -0.75935394091821418      -0.69157853085692000      -0.62351875886667085      -0.55664489286623720      -0.49218475844615939      -0.43112437347721866      -0.37415567369780300      -0.32172606253380698      -0.27402851681957474      -0.23105819698720176      -0.19266087981369409      -0.15856166029158433      -0.12842739138769041      -0.10189507856045577       -7.8597597087364884E-002  -5.8192514702039753E-002  -4.0364714797755746E-002  -2.4840518528132700E-002  -1.1377992831801976E-002   2.2731146286805037E-004   1.0157678583808432E-002   1.8573952062762356E-002   2.5629076885178851E-002   3.1469776944441946E-002   3.6249002411989154E-002   4.0118068401209177E-002   4.3231333919288219E-002   4.5732578489637278E-002   4.7752488639933484E-002   4.9402211548042849E-002   5.0768488739634778E-002   5.1912146643844609E-002   5.2870138733388181E-002   5.3656178361024660E-002   5.4267676039821459E-002   5.4693635078780493E-002   5.4920556592379016E-002   5.4943824311762750E-002   5.4769655006857119E-002   5.4420328359387905E-002   5.3927369752334219E-002   5.3332348954820349E-002   5.2679223904797082E-002   5.2013928088923814E-002   5.1377770252253360E-002   5.0807976899497696E-002   5.0329411159043658E-002   4.9960217809508989E-002   4.9703252157161863E-002   4.9554682255785867E-002   4.9498438340868436E-002   4.9514889093164663E-002   4.9577222255841977E-002   4.9660434486093391E-002   4.9736469512099868E-002   4.9784025648648193E-002   4.9784849334591479E-002   4.9733190796131442E-002   4.9630691255023673E-002   4.9490820459830040E-002   4.9329299031775749E-002   4.9166641506837971E-002   4.9017286341223369E-002   4.8893544613343852E-002   4.8797288049139548E-002   4.8724432470846214E-002   4.8661422329845244E-002   4.8591301637944270E-002   4.8492943314096024E-002   4.8349103365356624E-002   4.8146685017321791E-002   4.7882325797536297E-002   4.7559791714265776E-002   4.7190386914320176E-002   4.6788638036103607E-002   4.6371105173878976E-002   4.5954291126266651E-002   4.5553124698635115E-002   4.5180236330457570E-002   4.4844457278867579E-002   4.4551454891042654E-002   4.4302382136203140E-002   4.4096066402001574E-002   4.3927255145131988E-002   4.3789928091663058E-002   4.3674377714801017E-002   4.3571411739777854E-002   4.3469107924752386E-002   4.3359318358249611E-002   4.3234661632558867E-002   4.3095467594218513E-002   4.2943864527420272E-002   4.2789098320669308E-002   4.2638609557426314E-002   4.2503509305206882E-002   4.2388873013775787E-002   4.2300278381677492E-002   4.2234688216647442E-002   4.2188715727504315E-002   4.2150518234357177E-002   4.2110026501667036E-002   4.2051971698381006E-002   4.1967332035371958E-002   4.1846537334205826E-002   4.1689810140473335E-002   4.1498089510626661E-002   4.1280684567766318E-002   4.1044797175632149E-002   4.0802784312236731E-002   4.0562690902148556E-002   4.0335963224733193E-002   4.0129108996003394E-002   3.9951206138851621E-002   3.9806538285672634E-002   3.9701673930633806E-002   3.9638818156436460E-002   3.9622140090820421E-002   3.9651579363585640E-002   3.9728153616169701E-002   3.9848554610906223E-002   4.0010291742913477E-002   4.0208283924988875E-002   4.0440262562867202E-002   4.0704404516361731E-002   4.1003050110429956E-002   4.1339742426509341E-002   4.1720903656950838E-002   4.2152892520864349E-002   4.2642724128311528E-002   4.3196258790281793E-002   4.3818626945402631E-002   4.4514200071426396E-002   4.5287188720056014E-002   4.6143306778255511E-002   4.7090375170948481E-002   4.8140790751084184E-002   4.9310695875576897E-002   5.0621669369621702E-002   5.2097683052225986E-002   5.3766344693998998E-002   5.5655125779241074E-002   5.7793544590565994E-002   6.0209521463772751E-002   6.2932410403824107E-002   6.5989302242852363E-002   6.9408410194954390E-002   7.3215131885878054E-002   7.7435425433553681E-002   8.2091355780457703E-002   8.7204089906684101E-002   9.2788823321509645E-002   9.8857190791323241E-002  0.10541199605995046       0.11244963325615920       0.11995543880003039       0.12790631397011210       0.13626619654677163       0.14498765659423704       0.15400647499555781       0.16324181125457679       0.17259028947466931       0.18192556222364212       0.19109288715771661       0.19990909192369741       0.20815847998320428       0.21559393435977342       0.22193466828559541       0.22686866443879405       0.23005201408723089       0.23111272391355656       0.22965179103497507       0.22524905789341401       0.21746737397164648       0.20586117561889575       0.18998385350621655       0.16939782076559781       0.14368420981624411       0.11244973112800564        7.5340963292285582E-002   3.2035242510746770E-002  -1.2079226507935890E-013
  -6.8126838954338754E-008   7.1052493899738542E-002  0.16564717910638219       0.24591741941248801       0.31362115455140366       0.37053798078135847       0.41788453274075776       0.45664693399248613       0.48748551316465072       0.51085076734027002       0.52702283404749339       0.53623108382741114       0.53860171171764448       0.53436136948185153       0.52398769883498675       0.50765948599209010       0.48571509639399008       0.45941579534624916       0.42870724810958410       0.39154123692158432       0.35221719428163289       0.30868159889739655       0.22824073456878449        6.7876908323922028E-002  -5.6154162621462923E-003  -6.9379730756891481E-002 -0.17988948467170873      -0.25853034953251131      -0.31043566963471142      -0.37130725514762308      -0.43176634512962486      -0.49121050878688788      -0.55312036067215298      -0.61240181126101256      -0.67270200609934283      -0.73114880119457482      -0.78786362256939724      -0.84312718639966022      -0.89578108205807494      -0.94545135561611138      -0.99134977913046463       -1.0324042058179712       -1.0676744930456490       -1.0958975292120290       -1.1159084885496247       -1.1264519481931543       -1.1266295286912977       -1.1157858188080869       -1.0937962568026276       -1.0609392058848257       -1.0180124766739018      -0.96621723269485182      -0.90701780904479656      -0.84210657689793378      -0.77329749884162313      -0.70239745222965277      -0.63115754598120000      -0.56118337025530507      -0.49383960779215835      -0.43023070679158981      -0.37114887575220074      -0.31706155272388076      -0.26817362845345855      -0.22441336617597693      -0.18555486378753311      -0.15124468205544347      -0.12106104088637150       -9.4580063318657134E-002  -7.1384973189444742E-002  -5.1102661017341060E-002  -3.3412116258102545E-002  -1.8044875383040327E-002  -4.7769678528729953E-003   6.5722026705837362E-003   1.6170126600628991E-002   2.4171714337863685E-002   3.0744390827039812E-002   3.6058569631942941E-002   4.0297993230797496E-002   4.3641804405310687E-002   4.6264879413962567E-002   4.8331413237844095E-002   4.9984372282798999E-002   5.1344353380569183E-002   5.2503628916936745E-002   5.3525035904261872E-002   5.4445107064547783E-002   5.5274281756419463E-002   5.6006155603144474E-002   5.6620588450548917E-002   5.7092121694798485E-002   5.7396681719693504E-002   5.7515986874344824E-002   5.7446153034615248E-002   5.7201681898148643E-002   5.6816136311254498E-002   5.6337226685158448E-002   5.5821265151733218E-002   5.5320609385268893E-002   5.4884585238140930E-002   5.4544983669779522E-002   5.4321815828001198E-002   5.4212413146109605E-002   5.4201602031405414E-002   5.4254300439950456E-002   5.4330166671110548E-002   5.4381122830207296E-002   5.4367221178601849E-002   5.4256553787375789E-002   5.4038021739067583E-002   5.3713841986237507E-002   5.3303473285644644E-002   5.2831083019257194E-002   5.2329850933189044E-002   5.1829084712951091E-002   5.1360530411566817E-002   5.0946485109545962E-002   5.0605417176230023E-002   5.0344362628148752E-002   5.0164597337764363E-002   5.0057652505764209E-002   5.0011121141404234E-002   5.0006846865919531E-002   5.0025867167367663E-002   5.0046608380358237E-002   5.0049760115149479E-002   5.0019363065760665E-002   4.9947610066415918E-002   4.9835781869491433E-002   4.9693367166287215E-002   4.9534899976187381E-002   4.9376295918307833E-002   4.9230905056177582E-002   4.9106636852605780E-002   4.9004885272475505E-002   4.8917736153533793E-002   4.8831960604454314E-002   4.8727422634002052E-002   4.8584254078565307E-002   4.8383029820290184E-002   4.8113453323514903E-002   4.7771716277862676E-002   4.7366192532921313E-002   4.6908975548022147E-002   4.6419855026231305E-002   4.5916329700162649E-002   4.5420195303599392E-002   4.4947362341242421E-002   4.4515779015804315E-002   4.4135436248252245E-002   4.3817022289292885E-002   4.3562650496641077E-002   4.3375740390679068E-002   4.3251397406227639E-002   4.3187498612011647E-002   4.3174358634822031E-002   4.3205462614801710E-002   4.3266920783645607E-002   4.3348763628960424E-002   4.3436221125625667E-002   4.3522395671170604E-002   4.3599666362278321E-002   4.3669970570616140E-002   4.3734069746091689E-002   4.3798988909561597E-002   4.3867389372043097E-002   4.3944186228419106E-002   4.4027255123517545E-002   4.4114825007992027E-002   4.4198126777891915E-002   4.4269748891450376E-002   4.4318868537904406E-002   4.4339801281767531E-002   4.4328629092947866E-002   4.4289728176298865E-002   4.4230829702570390E-002   4.4165869461801545E-002   4.4109367140295085E-002   4.4078306657187857E-002   4.4088368463391522E-002   4.4155888299877363E-002   4.4295822427646604E-002   4.4523102143437569E-002   4.4851931704851064E-002   4.5296330666334907E-002   4.5870319719763325E-002   4.6587372400273434E-002   4.7461083923211161E-002   4.8503372292359515E-002   4.9725929793481276E-002   5.1138323357720526E-002   5.2751559503613342E-002   5.4576740867199665E-002   5.6629590824951441E-002   5.8927595122052069E-002   6.1493455600542375E-002   6.4350301711064414E-002   6.7524571807901904E-002   7.1040436404844212E-002   7.4923029120860740E-002   7.9192893037041176E-002   8.3869980196902297E-002   8.8968759788689303E-002   9.4502990716227128E-002  0.10048157651415889       0.10691361852978319       0.11380411846192300       0.12115758636471996       0.12897194816006061       0.13723966910604585       0.14594043857970629       0.15504130421395920       0.16448986516561953       0.17421432401297973       0.18411724289885087       0.19407531678914891       0.20393344925075199       0.21350416673190614       0.22256219857485268       0.23084398128737979       0.23804350493354884       0.24381325171493382       0.24776313682923973       0.24946503939911388       0.24845590140159549       0.24424635719958857       0.23632741549106481       0.22418156342598614       0.20729257950768543       0.18515735633669148       0.15729850803708953       0.12327199848811236        8.2685426490378647E-002   3.5186061584064100E-002   9.2370555648921521E-014
  -7.4365251654085898E-008   7.0689252907385591E-002  0.16494568191637052       0.24505639171799470       0.31269550441467259       0.36957795354287581       0.41691321431676015       0.45571604148067130       0.48671413715200446       0.51046121024959634       0.52733751734585044       0.53767208082921225       0.54177581779020090       0.53985337609386319       0.53226326452101758       0.51956055973765536       0.50189303676065933       0.47928963646361750       0.45241329936827135       0.42076707353557918       0.38195049611957538       0.32981078508527678       0.23172636530922852       0.10065364571714290       -1.7111289948767934E-002 -0.12627489001095521      -0.23519365813241228      -0.33628663267939746      -0.40408084590710236      -0.46489342181197146      -0.52740921573452459      -0.58656026474994372      -0.64695603087795928      -0.70549458375976659      -0.76241916010344357      -0.81821010394953775      -0.87182990917587766      -0.92312937620981805      -0.97154214988010468       -1.0162940985944626       -1.0568194729612725       -1.0921898373262513       -1.1214758983868747       -1.1436178856364623       -1.1576056007475020       -1.1624816265849329       -1.1574622973032351       -1.1420361190035446       -1.1160589508397190       -1.0797434871040721       -1.0337403816141704      -0.97905119473409385      -0.91699663747119020      -0.84916705638929302      -0.77733764792223858      -0.70336001017799055      -0.62914038177087339      -0.55642883498440654      -0.48681397331878201      -0.42148709700516468      -0.36132929674042097      -0.30674870659417464      -0.25787532491014314      -0.21453722964728364      -0.17635775335303619      -0.14288468390570930      -0.11358642822400018       -8.7956194185981815E-002  -6.5523656352258694E-002  -4.5878780126483151E-002  -2.8681340197152329E-002  -1.3656211007690267E-002  -5.9354571438596218E-004   1.0673687803117182E-002   2.0283192318787665E-002   2.8352247151958391E-002   3.5005970702006700E-002   4.0382633077954755E-002   4.4641400611749434E-002   4.7968424992173735E-002   5.0551107250591136E-002   5.2575853482039435E-002   5.4207747423636349E-002   5.5579159002873565E-002   5.6789205001577601E-002   5.7895886368982137E-002   5.8915524934264760E-002   5.9833286750834332E-002   6.0608588397349832E-002   6.1185332339813783E-002   6.1513358038733361E-002   6.1558229311053279E-002   6.1316168892733190E-002   6.0812081608421720E-002   6.0096450615068991E-002   5.9235598734759191E-002   5.8300045429496447E-002   5.7368013039393907E-002   5.6504615420784818E-002   5.5769429681007947E-002   5.5200553263367945E-002   5.4820409106714631E-002   5.4628327708114058E-002   5.4610441751054825E-002   5.4730666997040461E-002   5.4950410861384739E-002   5.5217958858822892E-002   5.5487681387412710E-002   5.5711540499759224E-002   5.5855013152896198E-002   5.5891160202834932E-002   5.5818994085963573E-002   5.5650369151507159E-002   5.5419546589282755E-002   5.5162780566273516E-002   5.4920356963455305E-002   5.4723054134343786E-002   5.4592275423812023E-002   5.4531158790405598E-002   5.4531150424469869E-002   5.4565505088612340E-002   5.4600429817182924E-002   5.4595897292221973E-002   5.4516636798012504E-002   5.4337462228898556E-002   5.4050523562202218E-002   5.3663465359342882E-002   5.3196430465924170E-002   5.2675900369990585E-002   5.2131994008956892E-002   5.1593573442154261E-002   5.1087411715205373E-002   5.0634791429367068E-002   5.0249488855502782E-002   4.9938837284984869E-002   4.9701144022134117E-002   4.9530411390694730E-002   4.9413259893394630E-002   4.9335808176023774E-002   4.9278970008801624E-002   4.9225377353832186E-002   4.9154402272111319E-002   4.9052961453206936E-002   4.8911105038457511E-002   4.8733346454202686E-002   4.8528324126959517E-002   4.8315730504786290E-002   4.8112688961368735E-002   4.7939902807601575E-002   4.7808408176501192E-002   4.7727859953364996E-002   4.7693903578131198E-002   4.7699561305776461E-002   4.7724731829616479E-002   4.7750242821743220E-002   4.7749322992899565E-002   4.7704235147141692E-002   4.7598313371966301E-002   4.7430625247103279E-002   4.7203697991949262E-002   4.6932684937976726E-002   4.6630708617469208E-002   4.6317314282028496E-002   4.6006545360415735E-002   4.5715900524279908E-002   4.5455907670738101E-002   4.5239141063519124E-002   4.5071004728657181E-002   4.4958658022960570E-002   4.4903019864946096E-002   4.4906842136259825E-002   4.4967487254128892E-002   4.5083289376419027E-002   4.5247103080483297E-002   4.5452443015342514E-002   4.5690259796366088E-002   4.5956019459134627E-002   4.6247694414608465E-002   4.6569726271014959E-002   4.6929345124261758E-002   4.7336970254334927E-002   4.7803027736325263E-002   4.8337062895144445E-002   4.8946231712206190E-002   4.9634857702766308E-002   5.0405147518466503E-002   5.1257558097593775E-002   5.2194289786855141E-002   5.3219872434110034E-002   5.4346097884850689E-002   5.5590509135987287E-002   5.6979398273083799E-002   5.8542471190577525E-002   6.0314771556179432E-002   6.2330649729008210E-002   6.4627250426682270E-002   6.7239081369490014E-002   7.0202670687061153E-002   7.3550981065355112E-002   7.7318791530181064E-002   8.1536840890571505E-002   8.6237253369259956E-002   9.1447416696958009E-002   9.7194669760373026E-002  0.10349956475199741       0.11037949272999226       0.11784164341087339       0.12588660821093220       0.13450274319148386       0.14367022169780505       0.15335569247325495       0.16351433175212557       0.17408279663537998       0.18497872213362279       0.19609286222270061       0.20728760065318236       0.21838977996456321       0.22918954723225693       0.23943508598073762       0.24883291370925667       0.25704497015315020       0.26369069600990347       0.26834614293769987       0.27054708700989061       0.26979047226737185       0.26554083543673135       0.25723603571733200       0.24429923428635594       0.22615042722351428       0.20222089613866540       0.17197006258293157       0.13489504203961278        9.0555640380685851E-002   3.8558379968342778E-002  -4.0500935938373285E-013
  -8.0614926403914696E-008   6.9315414655033256E-002  0.16186624722738424       0.24063885433544968       0.30720685317486046       0.36319972563164182       0.40979535526390176       0.44800571029021391       0.47858415223239165       0.50213456897120301       0.51911089493906548       0.52986148391955823       0.53472800263847353       0.53400536259554710       0.52787155609021452       0.51663554690708857       0.50051482276365145       0.47906951583746782       0.45188989454982059       0.41831999376582329       0.37124711804391569       0.30413816752918338       0.20691942696039983        8.7267701531500610E-002  -3.8528329248621589E-002 -0.16093817347174252      -0.27954131377612418      -0.38016425024345718      -0.46526524737521724      -0.53716515405927978      -0.60300740785385576      -0.66523994643524353      -0.72509669124247311      -0.78306313651267401      -0.83868740504150996      -0.89212116829785071      -0.94298168791518966      -0.99075353212926531       -1.0351633757799037       -1.0755468561214063       -1.1112479630400491       -1.1415018698594848       -1.1654644857965517       -1.1822578087726514       -1.1909931821430415       -1.1908734134246910       -1.1812168689418656       -1.1615805007111308       -1.1317975034667416       -1.0920144058938981       -1.0427475714708327      -0.98485169046329213      -0.91951513069690827      -0.84827556288625017      -0.77290967684331835      -0.69541347631036043      -0.61787116970109757      -0.54221202740086505      -0.47023824831572092      -0.40324895645512732      -0.34217625291705728      -0.28745300382143846      -0.23902485092555073      -0.19662182810942774      -0.15966470194083796      -0.12753785643318380       -9.9599030912497832E-002  -7.5237421234177024E-002  -5.3931644591670984E-002  -3.5258383073963527E-002  -1.8882598962036201E-002  -4.5715150325100155E-003   7.8282361670162955E-003   1.8431108475705057E-002   2.7311382743347937E-002   3.4570648449205044E-002   4.0336082030265431E-002   4.4793303749898837E-002   4.8140334067627202E-002   5.0605091215867724E-002   5.2410766498365673E-002   5.3760515977939821E-002   5.4842162159482011E-002   5.5795995416054886E-002   5.6723427775706506E-002   5.7680884086687111E-002   5.8678505473962028E-002   5.9695351825113672E-002   6.0673101336160162E-002   6.1545065648128706E-002   6.2238031399964019E-002   6.2686050600352441E-002   6.2843226261290200E-002   6.2698215982612979E-002   6.2271688108568965E-002   6.1633623223911027E-002   6.0866553006788726E-002   6.0073090091710427E-002   5.9343073346706618E-002   5.8754658119975142E-002   5.8359213926208006E-002   5.8183324274480544E-002   5.8218118381849239E-002   5.8429260598733379E-002   5.8752710082284602E-002   5.9113684402958624E-002   5.9421099073405113E-002   5.9602413789426087E-002   5.9598022317757210E-002   5.9391384341544298E-002   5.8989518136437803E-002   5.8434037584519684E-002   5.7772995789470094E-002   5.7066260580075648E-002   5.6371924619073567E-002   5.5743671295544681E-002   5.5221952750620237E-002   5.4834903381903707E-002   5.4590491660433907E-002   5.4484875982459414E-002   5.4495457999315593E-002   5.4594443435551671E-002   5.4743943182964709E-002   5.4907278721277979E-002   5.5045822070073157E-002   5.5126867405591383E-002   5.5125498779998956E-002   5.5035902218409219E-002   5.4868030046075232E-002   5.4649116325159487E-002   5.4412620161100302E-002   5.4191637657805429E-002   5.4014727503577040E-002   5.3897095284049623E-002   5.3841171298754362E-002   5.3833493104078485E-002   5.3848073685901360E-002   5.3847325865655209E-002   5.3793019102379568E-002   5.3647145118107288E-002   5.3388164061188362E-002   5.3007757266219563E-002   5.2519577251442129E-002   5.1944606273028118E-002   5.1315656129321791E-002   5.0663282457133411E-002   5.0022580259057786E-002   4.9421190744015318E-002   4.8887525598808781E-002   4.8436915251001099E-002   4.8084554353409345E-002   4.7830828963778139E-002   4.7676594145592381E-002   4.7610524919952817E-002   4.7623796509995410E-002   4.7698375136396971E-002   4.7820668022174710E-002   4.7967963319350743E-002   4.8123079142115770E-002   4.8264485043772377E-002   4.8383145140795072E-002   4.8473097061466769E-002   4.8542704084463435E-002   4.8600316044181940E-002   4.8662184662247629E-002   4.8737195516542924E-002   4.8835406166387679E-002   4.8955471298575928E-002   4.9093120127020808E-002   4.9233624653700153E-002   4.9361357895669242E-002   4.9455762087149878E-002   4.9502844143375552E-002   4.9493162527347610E-002   4.9430202395987360E-002   4.9324834352959521E-002   4.9196850087490231E-002   4.9067755864791000E-002   4.8961155910188833E-002   4.8899319598023086E-002   4.8903842492041640E-002   4.8994301079954172E-002   4.9188565827852644E-002   4.9502960989343404E-002   4.9952092224944455E-002   5.0550273259231587E-002   5.1310174448756955E-002   5.2244892085211499E-002   5.3364632001835437E-002   5.4679396387542427E-002   5.6195642680855279E-002   5.7922415091095941E-002   5.9869576456452418E-002   6.2055081276148137E-002   6.4500320603515807E-002   6.7235015790014757E-002   7.0289220771335689E-002   7.3697732635113755E-002   7.7491335132020445E-002   8.1701726021195215E-002   8.6353447116895826E-002   9.1469953741075818E-002   9.7066834748862171E-002  0.10315923507015450       0.10975661690746488       0.11687081465861872       0.12451117542267204       0.13269022339434827       0.14141576116165167       0.15069199039481840       0.16050967564325014       0.17084603047795088       0.18165606128576486       0.19287241560303892       0.20439777147841323       0.21610361639138928       0.22782318367662607       0.23934930280039182       0.25042758549705701       0.26075392007674475       0.26996857005012193       0.27765529410209439       0.28333911930527311       0.28649050762649791       0.28653009529098949       0.28283813559648147       0.27476469319316815       0.26164416536441482       0.24280961134934190       0.21761040499439879       0.18543282649331452       0.14571139898388494        9.7960537158716887E-002   4.1754452433591355E-002  -1.0302869668533552E-013
  -8.6876108339773156E-008   6.6984846431589334E-002  0.15652373878081677       0.23281469550487308       0.29731702636757251       0.35155517852210177       0.39665201775968661       0.43358883012922012       0.46311424935056406       0.48583293356955720       0.50222220204700518       0.51264364014017205       0.51736746813696943       0.51666104473936580       0.51066634494685881       0.49931324544909839       0.48248927330663804       0.45979154845954884       0.42963926926352175       0.38998345486861863       0.33554692952863746       0.26119838701362569       0.16694948531103024        5.1160147135390237E-002  -7.0892289932481464E-002 -0.19283686372677319      -0.31356788580419320      -0.41660968719172403      -0.51022696362756526      -0.59072146989733909      -0.66171185838167657      -0.72766703131288080      -0.78909279433692070      -0.84718193522913776      -0.90215148224377506      -0.95379911399837969       -1.0021967344067058       -1.0469654627877296       -1.0877268859261302       -1.1239899429351610       -1.1551606294179724       -1.1805889823523770       -1.1995505639380515       -1.2112987333433101       -1.2150837978586753       -1.2102214753039851       -1.1961375183844478       -1.1724381220617814       -1.1389257105068822       -1.0956862802496889       -1.0431321801297635      -0.98195560956512395      -0.91326131246515863      -0.83854527313579796      -0.75956917927812961      -0.67851419818252434      -0.59761745297789681      -0.51926977532346785      -0.44543596745263070      -0.37776544831915015      -0.31699976610872327      -0.26356082502982281      -0.21707148669288229      -0.17699662499940272      -0.14257297780510514      -0.11293157939014765       -8.7312775273934773E-002  -6.5016263548876810E-002  -4.5463851779305280E-002  -2.8215842153192131E-002  -1.2936341187452811E-002   5.7532776928050837E-004   1.2454985938898940E-002   2.2753618193185662E-002   3.1484056376726417E-002   3.8686389337691807E-002   4.4404814174314973E-002   4.8758914036604470E-002   5.1942757439613643E-002   5.4183722706233346E-002   5.5760704202934018E-002   5.6912554164144112E-002   5.7859137023094115E-002   5.8769072734091023E-002   5.9748344595433878E-002   6.0840824278837864E-002   6.2032658210421539E-002   6.3253388259524548E-002   6.4384144058782872E-002   6.5302227062463941E-002   6.5869901766927669E-002   6.6008001605247363E-002   6.5683841315012939E-002   6.4949636508995517E-002   6.3880960450618252E-002   6.2600091383422124E-002   6.1230336523246290E-002   5.9895744834809403E-002   5.8709899219737113E-002   5.7762441574006756E-002   5.7107678202618674E-002   5.6776262923320442E-002   5.6756270563253795E-002   5.7011895093032713E-002   5.7479305327503956E-002   5.8075934240684919E-002   5.8710549249991903E-002   5.9300023983117886E-002   5.9760436378582693E-002   6.0035117875343415E-002   6.0089629361772152E-002   5.9930423346396360E-002   5.9603459066895667E-002   5.9178143177401034E-002   5.8733775244988261E-002   5.8346902823295910E-002   5.8071993044704874E-002   5.7946532880778771E-002   5.7975469566105692E-002   5.8135755333552711E-002   5.8378512551057311E-002   5.8638912004957237E-002   5.8837863160734270E-002   5.8908540999109159E-002   5.8800481521621081E-002   5.8500520600235813E-002   5.8022748698918089E-002   5.7408074796286658E-002   5.6705701622025387E-002   5.5968966375561625E-002   5.5252824955556952E-002   5.4602442198892195E-002   5.4055278632932885E-002   5.3632330107157546E-002   5.3341417684122934E-002   5.3174899856738289E-002   5.3113871432452248E-002   5.3130103372810204E-002   5.3192364460931799E-002   5.3264991883323544E-002   5.3315363155439464E-002   5.3308813139602222E-002   5.3223115741188758E-002   5.3048197248429130E-002   5.2796935693407293E-002   5.2494254778307603E-002   5.2179576566087585E-002   5.1887410355489619E-002   5.1655930953513403E-002   5.1505704753842044E-002   5.1452628426713193E-002   5.1489343602725293E-002   5.1602344952131028E-002   5.1756412767728154E-002   5.1915815774335954E-002   5.2033648488790031E-002   5.2075338344628748E-002   5.2011915252809252E-002   5.1840222400163158E-002   5.1567313153767932E-002   5.1219019385932422E-002   5.0819548127732372E-002   5.0401645118885702E-002   4.9989466588069242E-002   4.9611420895569386E-002   4.9284729266875771E-002   4.9026885355611630E-002   4.8844457400013176E-002   4.8743378825919073E-002   4.8720984505715423E-002   4.8775035896814672E-002   4.8897385045849950E-002   4.9080332645213998E-002   4.9309930484426640E-002   4.9572133635389148E-002   4.9851705121057494E-002   5.0140610650791444E-002   5.0438602662944990E-002   5.0755194549295078E-002   5.1105500868123821E-002   5.1508052474616199E-002   5.1980073229012567E-002   5.2535483542566215E-002   5.3183070040319268E-002   5.3924244285090760E-002   5.4756334935042297E-002   5.5671403758892721E-002   5.6663191973598349E-002   5.7728059392280560E-002   5.8874053813812784E-002   6.0118741948752892E-002   6.1494100411782042E-002   6.3037235805246200E-002   6.4793027229897160E-002   6.6804271453664660E-002   6.9117894188162068E-002   7.1776041246579131E-002   7.4823649443937282E-002   7.8299937753674775E-002   8.2246117310692271E-002   8.6697657292611474E-002   9.1692129324169064E-002   9.7261037783758122E-002  0.10343746824676063       0.11024693579159993       0.11771301909783852       0.12584784381564462       0.13465741427253322       0.14413503497565514       0.15426789533735155       0.16503110393418985       0.17639026829607113       0.18829232346031849       0.20066356817066164       0.21339971551204337       0.22636213843317235       0.23936925014254201       0.25219312236452840       0.26455315383657674       0.27611462507726520       0.28648569497756038       0.29521788055669484       0.30180460551696797       0.30568293135503088       0.30623358884236701       0.30278627897293120       0.29462913989065620       0.28102201647107566       0.26121581532515953       0.23447398021638621       0.20009889391032684       0.15744838126094335       0.10597700151188361        4.5210847552490205E-002  -4.5830006456580261E-013
  -9.3150666180412953E-008   6.3792712515440150E-002  0.14913924113588309       0.22190824320530261       0.28343332132362947       0.33511740628683606       0.37800743278928794       0.41302696158653607       0.44089347203345564       0.46218372032603361       0.47734021459555298       0.48670926754850674       0.49050840231945891       0.48885602505264014       0.48178922676679298       0.46910685429528826       0.45029978801449483       0.42467487800976211       0.39044552581905606       0.34489496979392859       0.28557276861622577       0.20906592925810705       0.11599030423077673        6.1230073020334804E-003 -0.11043142606507417      -0.22873694579812254      -0.34477552900734720      -0.45096900882024560      -0.54685833967988118      -0.63173328865957623      -0.70788793926071891      -0.77685528540331117      -0.84004655991292787      -0.89853506650263060      -0.95287966523557421       -1.0031358393982766       -1.0493396275329920       -1.0913116552703552       -1.1287364632308350       -1.1612373531335696       -1.1883340620493281       -1.2094641669236386       -1.2240195021065110       -1.2313558901337553       -1.2308363007159904       -1.2218560947304364       -1.2039052089182458       -1.1765958338505043       -1.1396878802459078       -1.0932239717077223       -1.0374425276560255      -0.97290499830636801      -0.90063268393865925      -0.82196599287017247      -0.73880266942249484      -0.65358697238782915      -0.56880654320187007      -0.48745721107078410      -0.41154092540932796      -0.34317602307015665      -0.28300274454389712      -0.23119974986808725      -0.18727133491626261      -0.15012251340474086      -0.11878010188710934       -9.2117059159151388E-002  -6.9191478693289205E-002  -4.9241839336639399E-002  -3.1650990444433799E-002  -1.5983579807994953E-002  -1.9624789549150356E-003   1.0536176498015158E-002   2.1559907959446296E-002   3.0997647114729351E-002   3.8794017164694425E-002   4.4879590728801134E-002   4.9354466511130929E-002   5.2375255524225832E-002   5.4264144333293983E-002   5.5294914961006476E-002   5.5789751471162705E-002   5.6041624396698547E-002   5.6275332978222681E-002   5.6673048553799024E-002   5.7338422769830887E-002   5.8307045025077449E-002   5.9558056299669503E-002   6.0994160129154991E-002   6.2489585436634118E-002   6.3882366456302617E-002   6.4999168307954089E-002   6.5720058563296532E-002   6.5937065719703550E-002   6.5632701915265337E-002   6.4870247472525636E-002   6.3771995497663478E-002   6.2517178685763758E-002   6.1271108463830291E-002   6.0185337367311083E-002   5.9385628709758137E-002   5.8942321562346633E-002   5.8892672487106244E-002   5.9210993636513408E-002   5.9838003483374001E-002   6.0659795045944348E-002   6.1534317164233569E-002   6.2310379956482316E-002   6.2837309487203855E-002   6.3015816084032172E-002   6.2809527465962453E-002   6.2257220054052397E-002   6.1431231059204276E-002   6.0435149222762968E-002   5.9380863458503533E-002   5.8368574630220889E-002   5.7498404770516889E-002   5.6833948044193082E-002   5.6417387589315457E-002   5.6256175733384713E-002   5.6329669467050793E-002   5.6594029859680241E-002   5.6982736795353033E-002   5.7425024271843039E-002   5.7850511447098595E-002   5.8189098150546195E-002   5.8384859547283417E-002   5.8403268631710373E-002   5.8241257017448346E-002   5.7938968768840429E-002   5.7554362331855999E-002   5.7160864851931191E-002   5.6823999876834917E-002   5.6594477204008925E-002   5.6501470263212922E-002   5.6549081957554877E-002   5.6708870930200835E-002   5.6933683538874992E-002   5.7154903334701884E-002   5.7296421537728424E-002   5.7288137046226317E-002   5.7084385794920374E-002   5.6671660748486577E-002   5.6072026923516323E-002   5.5326803909746182E-002   5.4492067350765963E-002   5.3619851709097346E-002   5.2771435628927207E-002   5.1992036394624068E-002   5.1327815899633138E-002   5.0803345776446483E-002   5.0437301154462252E-002   5.0226985371578929E-002   5.0166918458862453E-002   5.0230786118813160E-002   5.0398185425104026E-002   5.0634151939088039E-002   5.0912760540924820E-002   5.1196382963138214E-002   5.1456302020846001E-002   5.1659727867459260E-002   5.1797859967290520E-002   5.1870010106940978E-002   5.1900690076196597E-002   5.1914357555211572E-002   5.1943644105479796E-002   5.2010919918072149E-002   5.2133945575889150E-002   5.2312180612573138E-002   5.2537304197446427E-002   5.2782574990628384E-002   5.3016879054680416E-002   5.3201911466586441E-002   5.3306740990541904E-002   5.3311378891405067E-002   5.3216998604481945E-002   5.3040752753179675E-002   5.2812647765247883E-002   5.2566079880261109E-002   5.2336308840254260E-002   5.2155730373683352E-002   5.2055030862752739E-002   5.2060517049120396E-002   5.2193643556338466E-002   5.2472513269307401E-002   5.2910029358856199E-002   5.3518363218182770E-002   5.4305577336581666E-002   5.5281366337377229E-002   5.6450662848116319E-002   5.7818591341499311E-002   5.9384194722258254E-002   6.1151548824813502E-002   6.3126942696274904E-002   6.5331733532859079E-002   6.7793350033021768E-002   7.0552300012353616E-002   7.3649110992993205E-002   7.7129946703529254E-002   8.1034085624748051E-002   8.5400777398664265E-002   9.0257662617747647E-002   9.5629793654807907E-002  0.10153068404637330       0.10797310201389257       0.11496293015707969       0.12251189119908003       0.13063286337616462       0.13934883547694296       0.14868278043305813       0.15865802038069143       0.16928510762443383       0.18056045446656249       0.19245686295562833       0.20492196946999136       0.21786980443157031       0.23117826811294531       0.24468057418005457       0.25816113252429879       0.27134750247030875       0.28390435216924359       0.29542586795565434       0.30542988087010792       0.31335493364692751       0.31856202079903945       0.32033956622376919       0.31791526092801731       0.31046856371655351       0.29714691998598647       0.27709066355814727       0.24945499136334831       0.21344524009900384       0.16833613384691604       0.11352380679644322        4.8496072264071030E-002   1.4921397450979623E-013
  -9.9436578440656275E-008   5.9797294171122922E-002  0.13984227725393267       0.20809874277935009       0.26576518961563994       0.31410991898280699       0.35408889029794810       0.38654789972883319       0.41214740794632648       0.43142000885009019       0.44475414149737025       0.45243024665408410       0.45461515302507383       0.45131892312002203       0.44240651206299003       0.42758498888587243       0.40617830652349862       0.37713369014761378       0.33902659519481254       0.28963973118145664       0.22743051319671090       0.15065811579475757        5.9388816739516556E-002  -4.3687889471110082E-002 -0.15424797633588844      -0.26752252672720928      -0.37790231209465103      -0.48310093864350945      -0.57902568091279405      -0.66598148210402286      -0.74475610168439255      -0.81563667895135206      -0.88018792476916785      -0.93908931175619348      -0.99285554791135400       -1.0417987487415019       -1.0859530639686734       -1.1252459773923622       -1.1594799585843629       -1.1883488322910425       -1.2114710464405583       -1.2283928289827462       -1.2386236780288000       -1.2416263741516955       -1.2368797273612104       -1.2238692026847651       -1.2021487982544368       -1.1713340387682916       -1.1312098429898372       -1.0817216880413485       -1.0229004628877714      -0.95527883550272552      -0.87964440171804770      -0.79719390983013061      -0.70999191422477415      -0.62043228509217541      -0.53167890921836003      -0.44716177789972039      -0.36996017307741258      -0.30198591195767388      -0.24431797827527726      -0.19606411594897688      -0.15655842056258881      -0.12407543255082117       -9.7176679331236984E-002  -7.4616396786402681E-002  -5.5263781974981413E-002  -3.8321968370966249E-002  -2.3192354462645486E-002  -9.4484348434039390E-003   3.1485748881844742E-003   1.4714741594466133E-002   2.5185001643880135E-002   3.4371206537505576E-002   4.2153799241511643E-002   4.8232714469970892E-002   5.2654799681782771E-002   5.5472018832272860E-002   5.6974500981140271E-002   5.7566366168428425E-002   5.7612560680610624E-002   5.7508846235142921E-002   5.7521383256122140E-002   5.7851964086396784E-002   5.8620876165265144E-002   5.9851892319376085E-002   6.1476640139311513E-002   6.3333026138529883E-002   6.5218971763026087E-002   6.6823822684328529E-002   6.7903600577855328E-002   6.8241599305371242E-002   6.7805617216069120E-002   6.6652040574517540E-002   6.4995419320304934E-002   6.3021120982798023E-002   6.0956069437826749E-002   5.9020116378051608E-002   5.7372512746034755E-002   5.6154180908090393E-002   5.5434833838938664E-002   5.5246697222553535E-002   5.5560943659415080E-002   5.6318756793050852E-002   5.7389890186158241E-002   5.8640950339922171E-002   5.9899912983693786E-002   6.1002670116828354E-002   6.1822251417225846E-002   6.2248633804208635E-002   6.2240211762073540E-002   6.1844779169932869E-002   6.1158752318832520E-002   6.0348389761401881E-002   5.9552825625578551E-002   5.8909270186134559E-002   5.8515076414656232E-002   5.8424064593762474E-002   5.8636896474973443E-002   5.9111904885934125E-002   5.9757431363346047E-002   6.0444925994507327E-002   6.1039436466809420E-002   6.1397258989881416E-002   6.1429989114848441E-002   6.1105670789113380E-002   6.0471087552673962E-002   5.9596182354305478E-002   5.8582118363522083E-002   5.7527620745573022E-002   5.6525447326702671E-002   5.5661589302967919E-002   5.4993852819151985E-002   5.4554412172596829E-002   5.4350081508040389E-002   5.4356569032764486E-002   5.4535374970570233E-002   5.4821878282430875E-002   5.5155804987203530E-002   5.5470805079616090E-002   5.5705930203214127E-002   5.5802412220092676E-002   5.5726641933968542E-002   5.5467501153056001E-002   5.5065789095879239E-002   5.4574250177141126E-002   5.4072039978499700E-002   5.3624545031617489E-002   5.3295619463492823E-002   5.3122441951490240E-002   5.3128500786671223E-002   5.3301617486899759E-002   5.3613731648643546E-002   5.4005362277113944E-002   5.4412186336749296E-002   5.4748857012457547E-002   5.4951842693776697E-002   5.4967784797427768E-002   5.4792188785229595E-002   5.4440662752219503E-002   5.3962119125398895E-002   5.3401506809215786E-002   5.2813053424403449E-002   5.2242471075397839E-002   5.1734230609247131E-002   5.1318478560422473E-002   5.1019184894353614E-002   5.0842946567663173E-002   5.0791866642884848E-002   5.0852942247342908E-002   5.1013729921632389E-002   5.1253369284061788E-002   5.1553035935859644E-002   5.1886370894621801E-002   5.2226616634761733E-002   5.2547287245194092E-002   5.2837731776861803E-002   5.3102454308281997E-002   5.3364597396514141E-002   5.3655142378403055E-002   5.4007042721671943E-002   5.4451063385236358E-002   5.5007518117782601E-002   5.5686580119836453E-002   5.6484749444453489E-002   5.7388270939534532E-002   5.8373115512370823E-002   5.9416164749097257E-002   6.0496323252057768E-002   6.1612422151003106E-002   6.2780100555173066E-002   6.4039881205996366E-002   6.5439983862371778E-002   6.7039467644965864E-002   6.8893571851791180E-002   7.1061846888017713E-002   7.3597198429338581E-002   7.6555024071443573E-002   7.9980771167776521E-002   8.3922560824479756E-002   8.8418208712335411E-002   9.3508555813769989E-002   9.9226494526274092E-002  0.10560786957581988       0.11268127719614651       0.12047526780437945       0.12900603640751390       0.13828431094055987       0.14830928863000348       0.15907833608710392       0.17058255575453293       0.18280806594009089       0.19572499689710240       0.20928209453875679       0.22339412053315541       0.23793571599650085       0.25273010872047535       0.26754338631920666       0.28207738305183816       0.29596531620854266       0.30876919675919506       0.31997813808115999       0.32900702569683132       0.33519127533503651       0.33778537217354371       0.33596528833828870       0.32883437124214154       0.31544587263604934       0.29482917315858431       0.26601797661118648       0.22810146828624683       0.18024477379746384       0.12176255185241393        5.2080701644494506E-002  -3.6592950891688134E-013
  -1.0573978167801281E-007   5.5104071951348574E-002  0.12888160963646322       0.19176097346859469       0.24479928468301543       0.28912012104481288       0.32557636502239795       0.35492324480515486       0.37774544201211380       0.39450930070412893       0.40554562026551905       0.41105691713455539       0.41112610113019604       0.40569614916918451       0.39451937070952603       0.37717282377100858       0.35298131303238739       0.32085707137050973       0.27962478333876184       0.22786758054895281       0.16430034546982186        8.8423945647504998E-002   4.3641991559026518E-004  -9.7023203982839631E-002 -0.20117007761678909      -0.30806993875144095      -0.41338609695345524      -0.51460653697376346      -0.60895600282825302      -0.69577671434509902      -0.77472186386111164      -0.84622870542664885      -0.91104028233514445      -0.96958861239340810       -1.0223653612193346       -1.0696812151943484       -1.1116343084792424       -1.1482113551831947       -1.1793020465170616       -1.2046892786538781       -1.2240897833838620       -1.2371568433365854       -1.2434929776802972       -1.2426592936777023       -1.2342132329375000       -1.2176883002589269       -1.1926901020121443       -1.1588450834377062       -1.1159485446655590       -1.0637259050368970       -1.0022484694990133      -0.93184676721378024      -0.85284118218274374      -0.76647120144388048      -0.67468830412574476      -0.57993059636460520      -0.48680188679877834      -0.39836579479812878      -0.31999860171880939      -0.25244887079011680      -0.19771755890428519      -0.15404134343191039      -0.11963341225291431       -9.2543265056318338E-002  -7.0573541969332604E-002  -5.2342302560838529E-002  -3.6666344609088568E-002  -2.2734088115909587E-002  -9.9972585729341222E-003   1.9179955221122354E-003   1.3179014273346640E-002   2.3830241020674214E-002   3.3574097730535234E-002   4.2142641069488826E-002   4.9006509258569697E-002   5.3823055058099013E-002   5.6571204122389453E-002   5.7637016743348181E-002   5.7350220091383602E-002   5.6351128722086412E-002   5.5050035788998232E-002   5.3839245194088614E-002   5.3042061403568111E-002   5.2833240029814113E-002   5.3308659989454707E-002   5.4495444617469892E-002   5.6306406613904403E-002   5.8596510085490806E-002   6.1090847913617102E-002   6.3440778255661870E-002   6.5390541109266329E-002   6.6543944708927535E-002   6.6819777719944018E-002   6.6156171693297364E-002   6.4719942840127664E-002   6.2821287998293299E-002   6.0738448476430923E-002   5.8796811113858358E-002   5.7202909446610835E-002   5.6125292655845697E-002   5.5664513710332701E-002   5.5856973492777844E-002   5.6665924988935364E-002   5.7992302705098996E-002   5.9644430248134782E-002   6.1416569527497779E-002   6.2984496265818798E-002   6.4104308087412992E-002   6.4548803681599667E-002   6.4292297645082624E-002   6.3388055621298331E-002   6.2052095207316006E-002   6.0448128769784802E-002   5.8790161094812651E-002   5.7269254200113431E-002   5.6029865976583028E-002   5.5182345326209345E-002   5.4777364511635097E-002   5.4814132359497440E-002   5.5253378331152396E-002   5.5992623458756510E-002   5.6917361888127016E-002   5.7885374152558962E-002   5.8753232230527745E-002   5.9413416549626334E-002   5.9755613937699938E-002   5.9732675356843325E-002   5.9372499778073018E-002   5.8760148554452059E-002   5.8042371586278681E-002   5.7347790875751960E-002   5.6797735520235856E-002   5.6483196347568827E-002   5.6448348788079382E-002   5.6693510888477974E-002   5.7171841346730277E-002   5.7795707742973226E-002   5.8434904295116011E-002   5.8958653706336864E-002   5.9220782775649176E-002   5.9138423481706073E-002   5.8680717218641418E-002   5.7904374073038903E-002   5.6879577642265755E-002   5.5712573675838852E-002   5.4496151037044069E-002   5.3327803319997161E-002   5.2289971882675979E-002   5.1452091083127253E-002   5.0849383525972527E-002   5.0507717500803392E-002   5.0414399352794716E-002   5.0548619970638968E-002   5.0863818238357769E-002   5.1308805465306119E-002   5.1822501464706662E-002   5.2356499610451232E-002   5.2847202820569227E-002   5.3245470229966431E-002   5.3504074066990280E-002   5.3613285489923876E-002   5.3595956004834001E-002   5.3504311501459997E-002   5.3398093000391049E-002   5.3339959075235178E-002   5.3372121691413914E-002   5.3526396196046933E-002   5.3804175427731110E-002   5.4184557229442598E-002   5.4621853066874268E-002   5.5057186133123062E-002   5.5416444667439162E-002   5.5638649935518113E-002   5.5681364072087965E-002   5.5543693714456582E-002   5.5253697711022773E-002   5.4863305610794742E-002   5.4426952671312361E-002   5.3998529138871619E-002   5.3630775677173344E-002   5.3367568653520443E-002   5.3247241979308288E-002   5.3295575752337593E-002   5.3530941606202032E-002   5.3961556559042917E-002   5.4590759787459399E-002   5.5416787110258971E-002   5.6439127600199868E-002   5.7652492646127304E-002   5.9051466785496512E-002   6.0621529558701676E-002   6.2355499094576078E-002   6.4255125779255837E-002   6.6346912400677360E-002   6.8671338895703149E-002   7.1286851411192148E-002   7.4250067142820092E-002   7.7624694563410854E-002   8.1460721317610618E-002   8.5806303689719726E-002   9.0689831739073343E-002   9.6134785079830851E-002  0.10214567929555265       0.10872552997892766       0.11586810927835788       0.12357731658505927       0.13186574672619977       0.14076843561218069       0.15033064610466099       0.16060441931636563       0.17163098202783128       0.18343816875515823       0.19602860775532469       0.20937854237347212       0.22342804478401845       0.23807501606591358       0.25316822759204655       0.26849881177288243       0.28379183432085842       0.29869658497827678       0.31277538431659024       0.32549187885806247       0.33620293098303716       0.34415618384895746       0.34849812001147906       0.34827988659715681       0.34247192282641981       0.32998837518687990       0.30970870191137506       0.28052027773420457       0.24137504637565455       0.19131525681963532       0.12957340257105893        5.5521903575760263E-002   7.1054273576093449E-015
  -1.1204969595866196E-007   4.9774149707516181E-002  0.11639531691697387       0.17309157904844258       0.22077554547458561       0.26042067431722815       0.29276854409255337       0.31847536921350378       0.33804423624058638       0.35186335630756171       0.36019611941830615       0.36318099867334647       0.36082176783143904       0.35299415913222204       0.33940810451313114       0.31956934834983480       0.29282906745519305       0.25830992491492505       0.21500723567113936       0.16202235832046458        9.8503286096535955E-002   2.4461333270951322E-002  -5.9483417058036413E-002 -0.15169382054909578      -0.24939651404994048      -0.34957811322308857      -0.44942837606127595      -0.54580305686933173      -0.63708341198719176      -0.72191746208016927      -0.79966108516920464      -0.87049619318959937      -0.93450460188270157      -0.99202320611166661       -1.0433850781536249       -1.0887696510258926       -1.1283006137034886       -1.1619955687173926       -1.1897919009368734       -1.2115445026489668       -1.2270574473846414       -1.2360758449656131       -1.2382974983636637       -1.2333986440719080       -1.2210218347693935       -1.2008158532653788       -1.1724403309730085       -1.1355412031948866       -1.0898766612984907       -1.0351807386238236      -0.97164676932523297      -0.89889088852795318      -0.81725086554477500      -0.72795783998059249      -0.63213024259484119      -0.53238710106576215      -0.43392845240548611      -0.34159219666352553      -0.26221151694664524      -0.19792381541690207      -0.14857380772930917      -0.11262046742939462       -8.5717791473206545E-002  -6.5679075526417954E-002  -4.9889550266979471E-002  -3.6695387755999641E-002  -2.5162000635794889E-002  -1.4605892474481153E-002  -4.5580470936727171E-003   5.2808404970759257E-003   1.5127011789971431E-002   2.4984743138371335E-002   3.4535330439827046E-002   4.3437001309319691E-002   5.0595858605607558E-002   5.5895702947154992E-002   5.8620650045819241E-002   5.9295886769009945E-002   5.8367351400103032E-002   5.6584541844819258E-002   5.4669733959394132E-002   5.3006995188960834E-002   5.1962246717768126E-002   5.1738001877316142E-002   5.2422397154445924E-002   5.4042185723331033E-002   5.6473393682997031E-002   5.9538174904034548E-002   6.2767473152145689E-002   6.5736550597540688E-002   6.7795632275984091E-002   6.8497283350036756E-002   6.7738817935134740E-002   6.5843054962003517E-002   6.3072778376816713E-002   5.9970245492153081E-002   5.6857250909963894E-002   5.4059437618138778E-002   5.1831539874906178E-002   5.0310999740717906E-002   4.9579830140622103E-002   4.9663622766938711E-002   5.0526692032309105E-002   5.2071592109941105E-002   5.4138291032292521E-002   5.6468123587585427E-002   5.8727142695411287E-002   6.0698082482918657E-002   6.2003851914927979E-002   6.2565158708118587E-002   6.2287717277422702E-002   6.1317186322856480E-002   5.9931131915990282E-002   5.8395156867829312E-002   5.7009400659315208E-002   5.5964757993127799E-002   5.5403839772147745E-002   5.5406848751283280E-002   5.5967300856328457E-002   5.7004495521382433E-002   5.8355965105047293E-002   5.9829717980409397E-002   6.1127163167952137E-002   6.2009269911264889E-002   6.2265472356950985E-002   6.1873260781330278E-002   6.0899743967509391E-002   5.9551224051262723E-002   5.7981892813003956E-002   5.6381748215404974E-002   5.4925166683196067E-002   5.3736977045518386E-002   5.2917505396101967E-002   5.2504743388554133E-002   5.2497756738433980E-002   5.2854290714691596E-002   5.3481382840157410E-002   5.4269653547473415E-002   5.5094371723310130E-002   5.5824071876652476E-002   5.6365054833598056E-002   5.6603902757086898E-002   5.6489502926955794E-002   5.6033234663593466E-002   5.5317028307959523E-002   5.4475066284546542E-002   5.3639546608186657E-002   5.2927918474101908E-002   5.2445405634821404E-002   5.2246504345669360E-002   5.2366487271050810E-002   5.2779587419780165E-002   5.3440647615757425E-002   5.4248314266774247E-002   5.5083907354001149E-002   5.5808397049182133E-002   5.6288317534640267E-002   5.6433679916436434E-002   5.6229318810226463E-002   5.5726372750012881E-002   5.5006466365893673E-002   5.4161587986626854E-002   5.3284870974606442E-002   5.2452889953581647E-002   5.1745139253018504E-002   5.1207421620034131E-002   5.0873150566680507E-002   5.0747403605240785E-002   5.0819139349492830E-002   5.1059892329446355E-002   5.1428540044843048E-002   5.1883485874815061E-002   5.2384678511927546E-002   5.2883525936877555E-002   5.3330443210374300E-002   5.3683016081912421E-002   5.3924957109295277E-002   5.4082200512052543E-002   5.4202207705796090E-002   5.4349863466842105E-002   5.4585222768397577E-002   5.4958512892386506E-002   5.5502192071986201E-002   5.6228736872987788E-002   5.7121181335548832E-002   5.8147706785487710E-002   5.9255824259182292E-002   6.0387310070876277E-002   6.1489712407471468E-002   6.2540249529395173E-002   6.3552283814304181E-002   6.4579466246087389E-002   6.5691756164323226E-002   6.6970474499798552E-002   6.8488388326503807E-002   7.0326655392144791E-002   7.2551572811635476E-002   7.5233531919011706E-002   7.8425640441313740E-002   8.2180475893611230E-002   8.6535658763563700E-002   9.1531266928420535E-002   9.7193188127413913E-002  0.10355603742334597       0.11064468908631729       0.11848962187224743       0.12710710413009327       0.13650931506667713       0.14669806229436697       0.15768494293589258       0.16948506536023925       0.18212068669710699       0.19560191853898801       0.20991740552365543       0.22502067155168334       0.24081492817397440       0.25714632113638669       0.27378937863042002       0.29044278636658322       0.30672102987828659       0.32215396028900489       0.33618302937136724       0.34815783634537273       0.35732555962108503       0.36281639528402493       0.36363078235499446       0.35865773595085798       0.34668228872326856       0.32642720989496649       0.29661084858663317       0.25600141121588155       0.20347877272261394       0.13815227199292676        5.9304575070497308E-002  -3.3395508580763907E-013
  -1.1838948131821156E-007   4.3919417442515207E-002  0.10265038290551839       0.15249929103759660       0.19423425859116589       0.22867730385552379       0.25645522783869840       0.27811872382727992       0.29408448551288757       0.30466131434311339       0.31003803724851325       0.31029049127212871       0.30536615725506033       0.29508166933046764       0.27912543019283442       0.25702312729196281       0.22816613566100005       0.19187475293987905       0.14737883961660006        9.4071264382927150E-002   3.1569423038696760E-002  -4.0025593996480952E-002 -0.11985882445468828      -0.20665574150597144      -0.29814370220962105      -0.39189214500569675      -0.48562206555438969      -0.57677651486067594      -0.66378193460854362      -0.74523226437103418      -0.82045737894568560      -0.88913193126660106      -0.95113864487293143       -1.0066293677029658       -1.0557217523910349       -1.0985281024953200       -1.1351476430082730       -1.1656105343109584       -1.1898906639576801       -1.2079106650412992       -1.2195619901972168       -1.2246620953589091       -1.2230007809309857       -1.2143427655936552       -1.1983929415702004       -1.1748731547636311       -1.1434034652878835       -1.1037646932737153       -1.0556137343465546      -0.99887193262567031      -0.93336017750389333      -0.85878612361589335      -0.77571019706511379      -0.68378612449784304      -0.58350108397694889      -0.47911442253870806      -0.37329515267024743      -0.27825305976070813      -0.19621993009010311      -0.13707460532156771       -9.4598319965952998E-002  -6.7422959818453393E-002  -4.9425132276825129E-002  -3.6583150678460956E-002  -2.6686300367682061E-002  -1.8048069012462215E-002  -1.0134215066236886E-002  -2.5018341753265988E-003   5.1911054764333681E-003   1.3279740399155068E-002   2.2034282688420108E-002   3.1292610515977516E-002   4.0847605042880555E-002   4.9735040624203024E-002   5.6627800366595253E-002   6.0505730598581026E-002   6.1009443060583195E-002   5.8979667843334894E-002   5.5821863161680058E-002   5.2062975634105745E-002   4.8583522893759085E-002   4.5862978503087806E-002   4.4089935046475084E-002   4.3393188790945635E-002   4.3846786186898037E-002   4.5447209354980651E-002   4.8179543654917285E-002   5.1876367106353238E-002   5.6072309425491622E-002   6.0332842620271249E-002   6.3560450933855844E-002   6.5588403521023589E-002   6.5662418640844364E-002   6.4156865648399508E-002   6.1416338831553431E-002   5.8094832568771015E-002   5.4832119616661998E-002   5.1955980280248851E-002   4.9757137433652218E-002   4.8424698029238197E-002   4.8009197839364477E-002   4.8568942483806207E-002   5.0082136203529422E-002   5.2423111430355808E-002   5.5403148029634447E-002   5.8582037798692879E-002   6.1544955432291500E-002   6.3661750968596664E-002   6.4481619916442093E-002   6.3928087429801758E-002   6.2327410082526673E-002   5.9947049332460242E-002   5.7296514968000506E-002   5.4675685001449224E-002   5.2377582948866373E-002   5.0650004085686165E-002   4.9602361300058337E-002   4.9287655851110432E-002   4.9706403786534271E-002   5.0769473128118477E-002   5.2347390731240818E-002   5.4203160813388593E-002   5.6047951108591280E-002   5.7696512599092399E-002   5.8815268327910543E-002   5.9314993639207766E-002   5.9083527089864162E-002   5.8229431197280676E-002   5.7004274533057765E-002   5.5645919281011216E-002   5.4435455958965845E-002   5.3542310197558493E-002   5.3101586593986096E-002   5.3184347185237131E-002   5.3783929677612731E-002   5.4817971202716836E-002   5.6131633359454626E-002   5.7534377116336535E-002   5.8738502580207054E-002   5.9500674894813296E-002   5.9619239571887361E-002   5.9074004454965967E-002   5.7948810399836251E-002   5.6445773970631094E-002   5.4720160487180584E-002   5.2945506557482189E-002   5.1294140716425990E-002   4.9880357481866290E-002   4.8816069230745010E-002   4.8143437923652464E-002   4.7889920335603235E-002   4.8028150436402545E-002   4.8522169998522387E-002   4.9273038502499825E-002   5.0196340994260721E-002   5.1174501939568143E-002   5.2109114242334748E-002   5.2909282551682986E-002   5.3476464587046850E-002   5.3740533449615123E-002   5.3710602182015468E-002   5.3445665779107927E-002   5.3078923567239832E-002   5.2718273613864913E-002   5.2477469643561897E-002   5.2435621787863373E-002   5.2639635227664183E-002   5.3088587330677964E-002   5.3746531408228798E-002   5.4532224845316869E-002   5.5331913607078238E-002   5.6020246820288368E-002   5.6464139039653659E-002   5.6585581594018781E-002   5.6372688422363822E-002   5.5891656874960130E-002   5.5226294143423088E-002   5.4476649620708723E-002   5.3730439087859246E-002   5.3068847075417001E-002   5.2565906963119025E-002   5.2273864829921773E-002   5.2225088830101248E-002   5.2435968452345737E-002   5.2901124044831001E-002   5.3609794508497031E-002   5.4532819579355983E-002   5.5652272967129365E-002   5.6943633667393141E-002   5.8381656696515384E-002   5.9926914946440514E-002   6.1553867966673420E-002   6.3254125877966610E-002   6.5073584347393285E-002   6.7074261211470684E-002   6.9349308576495752E-002   7.1981526900576367E-002   7.5058820330793807E-002   7.8646875311803713E-002   8.2803512982462843E-002   8.7555128111108896E-002   9.2915431791735115E-002   9.8870429845330274E-002  0.10540093314511959       0.11246944248013077       0.12005843838298103       0.12816800259858566       0.13684758293549329       0.14617282369737108       0.15624055449578922       0.16713700906513207       0.17893421090675377       0.19168302605953119       0.20540277197212872       0.22007622757978484       0.23563831214482378       0.25197054781205930       0.26888599331776614       0.28612958349235856       0.30335491003318749       0.32011922290086398       0.33585323564862751       0.34985280448745576       0.36126525772330242       0.36909335812101646       0.37219920411042640       0.36931912941303802       0.35905420721586517       0.33994106323231160       0.31048209299533497       0.26923096789943046       0.21488512731600409       0.14640927753620386        6.3004796275819161E-002   3.3395508580763927E-013
  -1.2471304150453970E-007   3.7599031286069860E-002   8.7781364160847405E-002  0.13017831842805974       0.16541616213551599       0.19416712719076160       0.21694404430612155       0.23419219792229540       0.24624026053844220       0.25332081146411684       0.25555533377290479       0.25296031205943548       0.24544265169015622       0.23279011171860556       0.21468030204130753       0.19069072833066608       0.16029610190778215       0.12294782303065162        7.8112959664640297E-002   2.5383052618563214E-002  -3.5336538257517786E-002 -0.10385882411027471      -0.17938098368392516      -0.26064895486201084      -0.34598451074980013      -0.43339419469568274      -0.52079863811578786      -0.60635092102257604      -0.68839312750461723      -0.76567409799537611      -0.83740730980344591      -0.90300443193216662      -0.96223491807229489       -1.0149893051185541       -1.0612278575599401       -1.1009814939989071       -1.1342711699886232       -1.1611058702227675       -1.1814720850442815       -1.1953506951512509       -1.2026782953097452       -1.2033432844124936       -1.1972583380187700       -1.1842356647774877       -1.1640800734965495       -1.1366382049884647       -1.1016492047780397       -1.0589675954535975       -1.0080335780090324      -0.94907795043526089      -0.88140798694743572      -0.80610145063096328      -0.72262633171973711      -0.63030011802420660      -0.52860314899493288      -0.42087693470339915      -0.30598009518668301      -0.20640569441319348      -0.12437519322072763       -7.3246773980694513E-002  -4.4580259442721468E-002  -2.9560415158841738E-002  -2.2961424897995394E-002  -1.7922705050338706E-002  -1.3588692988348371E-002  -9.1767399306197477E-003  -4.7001736809128229E-003   4.5109971824904111E-005   5.2464057668532137E-003   1.1294926954819868E-002   1.8538927082871363E-002   2.7264682230066044E-002   3.7390404393295433E-002   4.7210546831896502E-002   5.6460747535570233E-002   6.0656645770358154E-002   6.1423264866841784E-002   5.8477813485518525E-002   5.4016358528110930E-002   4.9319600382874695E-002   4.5273124572756500E-002   4.2347958574644136E-002   4.0578947366340476E-002   4.0013663292953965E-002   4.0707281465387463E-002   4.2784353627897835E-002   4.6338813778909207E-002   5.1070992879991402E-002   5.6671178158754353E-002   6.2137069031858463E-002   6.6064803930402635E-002   6.7377145076714454E-002   6.5749839682221103E-002   6.2002500735931679E-002   5.7442638502394866E-002   5.2536919296513863E-002   4.8024918937000387E-002   4.4343028549875305E-002   4.1608988061796928E-002   3.9904821177825227E-002   3.9248005102069140E-002   3.9694687865665580E-002   4.1211095207657429E-002   4.3803849275016508E-002   4.7299145349897910E-002   5.1284880178930417E-002   5.5368328357378115E-002   5.8557196042919632E-002   6.0735016588400539E-002   6.1162702753054222E-002   6.0141745179501209E-002   5.7965122688990872E-002   5.5245556345801909E-002   5.2613923863099446E-002   5.0371432830980077E-002   4.8811423385066541E-002   4.8099760770170773E-002   4.8294208032231910E-002   4.9406609072178205E-002   5.1314356453367058E-002   5.3853946362495533E-002   5.6607696847645196E-002   5.9193905370235625E-002   6.0998548332312275E-002   6.1589920757967410E-002   6.0905819528180478E-002   5.9282692077834293E-002   5.6976247162032173E-002   5.4459383432562063E-002   5.1990833828983535E-002   4.9836155775538196E-002   4.8218746926067257E-002   4.7233864726558064E-002   4.6922033828754039E-002   4.7283740798554061E-002   4.8231400586115462E-002   4.9646143305079764E-002   5.1304922212984078E-002   5.2947085244450909E-002   5.4412008040380745E-002   5.5399337385821465E-002   5.5810175497751718E-002   5.5518737125431955E-002   5.4601283238362656E-002   5.3296407056589820E-002   5.1820742021522218E-002   5.0448823282482749E-002   4.9338610353094010E-002   4.8637122791652901E-002   4.8424781793721644E-002   4.8740282858520265E-002   4.9550769502449167E-002   5.0780774902476733E-002   5.2266165840598712E-002   5.3841571054211119E-002   5.5217739208721334E-002   5.6172637782331468E-002   5.6501093299104826E-002   5.6205118866672614E-002   5.5368697026765383E-002   5.4207449273977568E-002   5.2855701872539643E-002   5.1484185228541667E-002   5.0236720085975246E-002   4.9223940930191168E-002   4.8527818151147019E-002   4.8183023572024399E-002   4.8188999130166860E-002   4.8519731349247495E-002   4.9100902605993875E-002   4.9856693843008608E-002   5.0696400763615292E-002   5.1533748614545904E-002   5.2297731441434833E-002   5.2886270943596901E-002   5.3229530224172095E-002   5.3321353297441483E-002   5.3220905505536986E-002   5.3050719706064418E-002   5.2921871658218621E-002   5.2941577550459640E-002   5.3195300287649308E-002   5.3729196761271657E-002   5.4553483871529689E-002   5.5635530406666862E-002   5.6909217205478549E-002   5.8267675233443526E-002   5.9601440707842269E-002   6.0784655145211815E-002   6.1758525840952518E-002   6.2525538073430503E-002   6.3179322362747342E-002   6.3820796589262929E-002   6.4575620198397174E-002   6.5545755253248628E-002   6.6839839912303814E-002   6.8551506957033409E-002   7.0768883398043866E-002   7.3551205622743837E-002   7.6957525908847621E-002   8.1017129449477268E-002   8.5760133162347860E-002   9.1199552331959449E-002   9.7350649341987144E-002  0.10422692244554320       0.11185330150267093       0.12023689023233897       0.12938102057264869       0.13928405542391908       0.14996911242031113       0.16149561156401754       0.17393790356880531       0.18737394732433002       0.20185413593085838       0.21739023816883063       0.23393707999630103       0.25137775714889482       0.26951043883750381       0.28804854334151631       0.30659833879443527       0.32467843785142847       0.34170504800742568       0.35700627789382927       0.36977391266016857       0.37904395090499049       0.38366090897136224       0.38225294544189420       0.37326927321322745       0.35503560144657498       0.32576563028381905       0.28375449081783494       0.22741842979530857       0.15551127009204560        6.7098649757640641E-002  -4.2632564145656050E-014
  -1.3111624251030921E-007   3.0925326552941796E-002   7.2058402201006941E-002  0.10654663908367062       0.13488085272474667       0.15758860498543767       0.17507113497638696       0.18767079803851733       0.19562914533158735       0.19910234935498639       0.19814939217796598       0.19273343389959885       0.18272331897159641       0.16789447449905184       0.14793065922645035       0.12245060982623467        9.1024083616162918E-002   5.3213415637817209E-002   8.6603995952617054E-003  -4.2878247327147602E-002 -0.10137388234598510      -0.16650610590147599      -0.23758357222085930      -0.31346553041956121      -0.39276506830819141      -0.47384938265066096      -0.55495150289903628      -0.63451543668047306      -0.71103500355292715      -0.78336762545029159      -0.85061321771596976      -0.91213158555966733      -0.96753738669437606       -1.0165569183891465       -1.0590575938977094       -1.0949687591345623       -1.1242573034932848       -1.1469125391357438       -1.1629410359914469       -1.1723575199087573       -1.1751519407341209       -1.1713503332215194       -1.1608963926939992       -1.1435858137861017       -1.1194056148125402       -1.0881210968379815       -1.0496250048266400       -1.0036889941281915      -0.95007916147790439      -0.88858272963696261      -0.81858104523953301      -0.74207258740171589      -0.65723782751499504      -0.56743184067494756      -0.46884693273837064      -0.35618680559442967      -0.23704756539809632      -0.12539666696009763       -5.2090655678231464E-002  -7.5538496092191470E-003   1.3489436961530829E-003   2.5222990817788970E-003  -2.3468656525184748E-004  -5.7594580974717634E-004   3.5654425176078586E-004   2.0081492999246254E-003   4.1452377846085322E-003   6.8930590490311567E-003   1.0240533736180972E-002   1.4648380257820531E-002   2.0483154567825543E-002   2.8819375504041685E-002   3.9548594340917259E-002   5.1321814284381942E-002   6.1977155888919680E-002   6.4199803437227809E-002   6.1066607860147254E-002   5.4254940121506098E-002   4.6413494581918055E-002   3.9955047796222977E-002   3.5034929817792271E-002   3.1729680374697429E-002   2.9664736304262904E-002   2.8807633578066368E-002   2.9169958578486026E-002   3.0980692191889557E-002   3.4461527605967331E-002   3.9829826073697061E-002   4.6889806558549567E-002   5.3946894848710993E-002   6.0762290125402456E-002   6.3201177337342374E-002   6.2703963667457979E-002   5.8900952842586278E-002   5.3702518520274765E-002   4.8387242118976229E-002   4.3766830649604967E-002   4.0213998009585784E-002   3.7748617660747379E-002   3.6367458802470276E-002   3.6079306802310598E-002   3.6958833723482555E-002   3.9116363940325444E-002   4.2657484102953419E-002   4.7283375105474285E-002   5.2763280070984526E-002   5.8123502224073989E-002   6.2030240486521976E-002   6.3412074356197029E-002   6.1974923005186165E-002   5.8565716452998427E-002   5.4468223183829885E-002   5.0089105225191659E-002   4.6114569794216263E-002   4.2974812161098649E-002   4.0778082790939925E-002   3.9607119393978298E-002   3.9503131881651006E-002   4.0433039712783871E-002   4.2396916315557642E-002   4.5242019663965745E-002   4.8579470063207252E-002   5.2074440356051570E-002   5.4837330567015098E-002   5.6807815216215703E-002   5.7261289201362295E-002   5.6420570404816406E-002   5.4509397382493101E-002   5.2090087471370117E-002   4.9756165563931434E-002   4.7781361352964291E-002   4.6434849750609117E-002   4.5878865097761595E-002   4.6165108967439750E-002   4.7309720118285027E-002   4.9189600420027887E-002   5.1650450551772656E-002   5.4291340021091969E-002   5.6740514823971626E-002   5.8390373419226316E-002   5.8815621809673188E-002   5.7967293603856225E-002   5.6202578750309803E-002   5.3776574285608059E-002   5.1141147989838147E-002   4.8520481527184633E-002   4.6169458893150460E-002   4.4285097513139679E-002   4.2963045922141847E-002   4.2255346103550001E-002   4.2182851654539756E-002   4.2706475869096316E-002   4.3765198576523064E-002   4.5240588643979077E-002   4.6951822427665470E-002   4.8662454149843860E-002   5.0269349250142883E-002   5.1494398213674970E-002   5.2252973097900501E-002   5.2386355327274634E-002   5.1959897157977324E-002   5.1179251664385257E-002   5.0257969927368820E-002   4.9446644553435587E-002   4.8897501630052589E-002   4.8732621179148138E-002   4.9026409176904227E-002   4.9772714083291633E-002   5.0905053520316275E-002   5.2284738477155326E-002   5.3746442521154181E-002   5.5020994000471300E-002   5.5878542905562906E-002   5.6129087529353451E-002   5.5776608342142084E-002   5.4927900647028495E-002   5.3796792324316021E-002   5.2522938008414129E-002   5.1263066225957409E-002   5.0159004233027424E-002   4.9311659386100666E-002   4.8805363497780689E-002   4.8670287758667309E-002   4.8916956682771948E-002   4.9524411600672689E-002   5.0438500522869988E-002   5.1597398491726371E-002   5.2939490550240415E-002   5.4400039204495765E-002   5.5934607358891317E-002   5.7448393177048737E-002   5.8881879129969387E-002   6.0226513501731083E-002   6.1557492413828012E-002   6.3004391569711965E-002   6.4705095913374644E-002   6.6786383756758022E-002   6.9372959243390125E-002   7.2546729698684434E-002   7.6378748378514272E-002   8.0883953069513556E-002   8.6064016559823930E-002   9.1867957917155851E-002   9.8229122248538484E-002  0.10506004251378902       0.11227740724458285       0.11985244121752502       0.12784053503837373       0.13637735317711194       0.14561720081197604       0.15571853503152336       0.16681540157157385       0.17902233437342141       0.19242462719025338       0.20706553428080007       0.22292969004695184       0.23994625385592214       0.25797073120919811       0.27677724126053244       0.29605232745595567       0.31538262354998259       0.33420609164273146       0.35179878258824632       0.36724376169836032       0.37944574921258772       0.38710794501817014       0.38869191150382776       0.38247263926640229       0.36648577141058780       0.33863703379386784       0.29691350387188831       0.23935170580126680       0.16449248044620177        7.1223006371421635E-002   4.6895820560221653E-013
  -1.3740330937931714E-007   2.3949660992170843E-002   5.5598769916415096E-002   8.1773430474400430E-002  0.10283674303672054       0.11917937066137968       0.13109586322026101       0.13883039247576001       0.14254299933270589       0.14231858417270082       0.13815924259607545       0.12998569944984067       0.11763781860202492       0.10088414352846359        7.9428438224458345E-002   5.2928322915187877E-002   2.1030875748128928E-002  -1.6600766088443103E-002  -6.0214895304801827E-002 -0.10992672452645399      -0.16565199768663569      -0.22701488443470347      -0.29338049113839987      -0.36379664730871858      -0.43704975100057381      -0.51177801897892983      -0.58654073699492815      -0.65992352153648404      -0.73063885087975078      -0.79759953854925825      -0.85988524855543746      -0.91682086721977540      -0.96787879589126224       -1.0126843845136770       -1.0509821631736331       -1.0825914510937154       -1.1074146042481656       -1.1253848534277981       -1.1365271542056836       -1.1408608284232620       -1.1384468004186292       -1.1293490265030122       -1.1135536392052154       -1.0910929504173090       -1.0619051890538473       -1.0255058450258354      -0.98244509595315299      -0.93220014729901801      -0.87544576194695589      -0.81049029067290668      -0.73824786553606048      -0.65713491235123578      -0.56895030393273660      -0.48403644746679936      -0.39973474910391665      -0.28611697010616682      -0.16835635124241730       -3.8108952083547330E-002   1.9712341080386234E-002   4.5050435750786579E-002   2.6898396136314593E-002   1.2815705757383888E-002   5.6143758080113371E-003   2.9426675304943038E-003   2.0964118885475830E-003   1.9408418724620711E-003   2.3807332264416557E-003   3.4735505717506049E-003   5.0367159968373633E-003   7.5047096453461888E-003   1.0740802408170913E-002   1.7509140367433017E-002   2.7764000006424476E-002   4.4338265302164843E-002   5.7997112692860828E-002   6.4087322003651220E-002   5.7834489853562446E-002   4.8696833604381977E-002   3.9267856711465314E-002   3.3259541922721146E-002   2.9154147267301773E-002   2.6464462523007031E-002   2.4854825031115347E-002   2.4335329059532451E-002   2.4826610763714129E-002   2.6730492483878002E-002   3.0377221857632190E-002   3.6644923099954242E-002   4.5454669368382231E-002   5.5485048856165578E-002   6.4423151452890570E-002   6.5393597150908478E-002   6.1213096625303075E-002   5.3748093042146464E-002   4.5624787631144935E-002   3.8842979384480024E-002   3.3571724863406094E-002   2.9847183516914289E-002   2.7267676936795656E-002   2.5746941572144570E-002   2.5235277716279866E-002   2.5801606319454082E-002   2.7616857335932086E-002   3.0915705958607452E-002   3.5972255488875560E-002   4.2599169182543715E-002   4.9193219713391932E-002   5.5727085625480864E-002   5.8305047941934945E-002   5.8278964129688506E-002   5.5124952288373642E-002   5.0586566036901100E-002   4.5940129306804516E-002   4.1976059110700369E-002   3.9042435218451216E-002   3.7198296969369646E-002   3.6470576899323544E-002   3.6884121728864856E-002   3.8567580689535953E-002   4.1582706068133392E-002   4.5643737285144668E-002   5.0556107901205349E-002   5.5399703141116356E-002   5.8900264310503804E-002   6.0016874525301099E-002   5.8493193794096204E-002   5.5189160888412185E-002   5.1323969929017825E-002   4.7241896736218807E-002   4.3540593458666260E-002   4.0633456383207908E-002   3.8599721229283027E-002   3.7513046981198006E-002   3.7409718585359089E-002   3.8250425015334183E-002   4.0042423585833625E-002   4.2643676250323490E-002   4.5682544447619058E-002   4.8859878846631247E-002   5.1368648740651959E-002   5.3192275965835673E-002   5.3618766522619564E-002   5.2804165455951214E-002   5.0921306914286125E-002   4.8500165745416941E-002   4.6102322591484092E-002   4.3986174489558431E-002   4.2380985892742723E-002   4.1471779361616792E-002   4.1281431333376695E-002   4.1881259724264749E-002   4.3251156230816455E-002   4.5294626383648603E-002   4.7854680439241550E-002   5.0580348983850131E-002   5.3115274524233196E-002   5.4886087442395710E-002   5.5465201254704465E-002   5.4841206521169313E-002   5.3373777684509446E-002   5.1329686456844784E-002   4.9126538729416289E-002   4.6973571691553632E-002   4.5090464715514512E-002   4.3677114814854041E-002   4.2802307352425233E-002   4.2499880159661392E-002   4.2771124549064211E-002   4.3549402887902822E-002   4.4743845043470912E-002   4.6179904944280217E-002   4.7658048333136388E-002   4.9092925219717670E-002   5.0244900477973753E-002   5.1016073486952203E-002   5.1238253797958822E-002   5.0946970157812292E-002   5.0340286680541371E-002   4.9617385036941915E-002   4.9025831100638143E-002   4.8707100079896933E-002   4.8788258293044603E-002   4.9342315748298893E-002   5.0373067505231683E-002   5.1818700981386606E-002   5.3557374352259497E-002   5.5432192156444994E-002   5.7193042200619951E-002   5.8613137427252063E-002   5.9521937463495517E-002   5.9936887961977534E-002   5.9997817368552142E-002   5.9931124803660793E-002   5.9896955228182301E-002   6.0055628195155135E-002   6.0571483025490432E-002   6.1556779185246775E-002   6.3134409813232692E-002   6.5362041358872650E-002   6.8300354705779956E-002   7.1963561269371062E-002   7.6371481628549370E-002   8.1492474313953261E-002   8.7318732675757155E-002   9.3824394241477552E-002  0.10100745505433593       0.10886542825360490       0.11735897860683321       0.12646427678363450       0.13622545577558556       0.14675939153617409       0.15824738235122890       0.17085380759586385       0.18472093589201005       0.19994975119746081       0.21655269321698231       0.23447344820746499       0.25354010154408391       0.27347969265374295       0.29390984730577874       0.31433475300811592       0.33418938090805178       0.35283232198452191       0.36952014113340931       0.38328401564373171       0.39285336174169005       0.39664746612600960       0.39273191512079741       0.37880689290771924       0.35245337517449443       0.31112273241420879       0.25237749815710109       0.17442379427111421        7.5819752698602375E-002   6.3948846218484091E-014
  -1.4397834370359659E-007   1.6778168174926108E-002   3.8660033727873584E-002   5.6261749579257080E-002   6.9829407760651552E-002   7.9627014564802395E-002   8.5849130337934371E-002   8.8646494711653034E-002   8.8100916789557226E-002   8.4229214783852993E-002   7.6977430586222625E-002   6.6224683080564076E-002   5.1784907822660098E-002   3.3416477345992956E-002   1.0837146738539635E-002  -1.6260555266183370E-002  -4.8175495042369086E-002  -8.5166049091409554E-002 -0.12740702478335117      -0.17493131629464997      -0.22760425337350360      -0.28506014070905111      -0.34669404431663992      -0.41168574973564837      -0.47899071490985740      -0.54743727991686197      -0.61579911939188237      -0.68282806800804319      -0.74738531099451866      -0.80843626291399739      -0.86509725475190113      -0.91665490249741932      -0.96251756958013290       -1.0022491612978139       -1.0354979970726792       -1.0620234779887163       -1.0816446518760470       -1.0942927188379175       -1.1000073643589994       -1.0987840527859423       -1.0907997272874757       -1.0761678195443298       -1.0550335016289032       -1.0274817311096622      -0.99317929482222678      -0.95190431511532370      -0.90367807534383260      -0.84792193297360885      -0.78709580493164266      -0.71793388921269730      -0.64320912886891257      -0.55560191915412549      -0.46230060178832955      -0.36769058773600410      -0.29254874955259097      -0.20416936142428210       -9.0072274729767240E-002   1.6521675754551945E-002   7.2818854038710704E-002   5.8615880404493573E-002   2.7738748641598306E-002   1.1510874991690581E-002   8.5484648962870224E-003   7.4503839327557967E-003   6.4369316304520637E-003   5.7797157468119954E-003   5.7301625647376685E-003   6.2379304080495378E-003   6.9660378996779055E-003   8.2801112712485199E-003   9.5581360173012473E-003   1.4645794102754959E-002   2.0852541013792008E-002   4.3117001039016098E-002   6.4373640894737363E-002   6.7770893246860323E-002   4.7867908739711716E-002   3.3362134525452565E-002   2.4407787726557970E-002   1.9411303924119959E-002   1.6391962472569081E-002   1.4229444742285595E-002   1.2863126930572167E-002   1.2288294069276753E-002   1.2343451155305286E-002   1.3434561708748863E-002   1.5379329913976019E-002   2.0796572452024816E-002   2.9705776503351423E-002   4.4399297978086776E-002   5.6426330819432255E-002   6.1599195767759948E-002   5.5642196704669987E-002   4.6790618746423318E-002   3.7597666259038889E-002   3.1693700672949320E-002   2.7488700049609172E-002   2.4606002373818835E-002   2.2700103427422170E-002   2.1708972995722987E-002   2.1602328646614339E-002   2.2378333593495257E-002   2.4396204714569807E-002   2.8035303097725086E-002   3.4044470794787222E-002   4.2443811432545678E-002   5.2170643587927043E-002   6.0846428253737102E-002   6.1822142929300279E-002   5.7826467983912055E-002   5.0776121400614486E-002   4.3252942831950525E-002   3.7013794022176853E-002   3.2228887747035286E-002   2.8967734041421039E-002   2.6818594673372827E-002   2.5759108723143551E-002   2.5768747599007977E-002   2.6999404908945351E-002   2.9606072742825368E-002   3.3902476166474092E-002   3.9665451403258854E-002   4.5406802490241739E-002   5.1271698749552307E-002   5.3698777612343158E-002   5.3901368027724925E-002   5.1219673202513208E-002   4.7171784007330964E-002   4.3010817289864334E-002   3.9477941193672324E-002   3.6871326480669729E-002   3.5272471991887613E-002   3.4709298064039398E-002   3.5207077876491230E-002   3.6902577130314369E-002   3.9851674184408013E-002   4.3767611883958779E-002   4.8486601558709229E-002   5.3120346227693273E-002   5.6409884179518185E-002   5.7314784972761185E-002   5.5629996770441649E-002   5.2250669860762523E-002   4.8359888259721560E-002   4.4271541790433286E-002   4.0496869614741443E-002   3.7443725953284400E-002   3.5148715671914924E-002   3.3666039648128455E-002   3.2993894466934716E-002   3.3172575666623301E-002   3.4141255500480250E-002   3.5954301410838253E-002   3.8466158398411138E-002   4.1379061325140118E-002   4.4439312207510552E-002   4.6957115371918268E-002   4.8966371419155490E-002   4.9773179809350032E-002   4.9457894355757454E-002   4.8144926897347257E-002   4.6321881508522844E-002   4.4549072331686208E-002   4.3056753718766085E-002   4.2087073053619445E-002   4.1798668290868458E-002   4.2242555864656320E-002   4.3443013513685416E-002   4.5292672140716791E-002   4.7660297333497130E-002   5.0195759688010565E-002   5.2560787401176347E-002   5.4175070265952668E-002   5.4622289120114034E-002   5.3901246969863335E-002   5.2401043107850334E-002   5.0391972862801636E-002   4.8276320601512074E-002   4.6238676809506975E-002   4.4487767486899872E-002   4.3209170926637966E-002   4.2468211065512809E-002   4.2292552728614929E-002   4.2691668647042075E-002   4.3606228311344690E-002   4.4965541603600979E-002   4.6614868483657729E-002   4.8392200793722466E-002   5.0245533299494438E-002   5.1976523687024538E-002   5.3485251347360020E-002   5.4599459524208138E-002   5.5334219691906501E-002   5.5894019146859507E-002   5.6475057572316321E-002   5.7343885827373847E-002   5.8653648595637861E-002   6.0571121540084635E-002   6.3200933510610957E-002   6.6621296759301382E-002   7.0841749831287368E-002   7.5839334201413977E-002   8.1504172954044676E-002   8.7729658382649456E-002   9.4281845199675113E-002  0.10097980511986748       0.10768123541755154       0.11447138352704225       0.12155091993216184       0.12923003733359745       0.13772922975688820       0.14727702265582110       0.15808905336589971       0.17031868629232616       0.18409668421068745       0.19945883288216182       0.21640617598556983       0.23481545565847184       0.25451684522906443       0.27523182973790067       0.29659875116341367       0.31813363336317602       0.33914360371168184       0.35874606410154303       0.37585219971687800       0.38910655155970048       0.39687469025495370       0.39695352209327311       0.38679901402586203       0.36353604213074819       0.32391770016963073       0.26507462285968586       0.18457156099200459        8.0646914161470351E-002   3.9435121834731872E-013
  -1.5001280310411433E-007   9.4498497186660743E-003   2.1331015949483813E-002   3.0138212265349233E-002   3.6011122782788868E-002   3.9097699598853890E-002   3.9500170309632016E-002   3.7282929770659327E-002   3.2455169092422811E-002   2.4971624469190275E-002   1.4728404904749803E-002   1.5671369137490732E-003  -1.4720045865783675E-002  -3.4381687540305607E-002  -5.7690825022797043E-002  -8.4926402497462236E-002 -0.11634793293204895      -0.15216138751828981      -0.19248991618348554      -0.23732909973442062      -0.28651607806693447      -0.33971377308382467      -0.39637716544783758      -0.45578293299355316      -0.51704499004725868      -0.57915675407035194      -0.64104750316995029      -0.70164227514236854      -0.75990683630216049      -0.81488166782060734      -0.86572078596967028      -0.91168269030449189      -0.95213469947568685      -0.98655120409717234       -1.0144800084453720       -1.0356012963843664       -1.0496382786589886       -1.0565069770647970       -1.0560856832490066       -1.0485671877643215       -1.0342341986601964       -1.0130767364106676      -0.98529449168594807      -0.95117160846760662      -0.91043284721819451      -0.86343057397296763      -0.80820165896412099      -0.74591731348444323      -0.67605653116877562      -0.60117152631266757      -0.52559820794140422      -0.43446774776754182      -0.31941574239355042      -0.20797191257051389      -0.13216607911442693       -8.4171375285001057E-002   2.2214351897501386E-002  -2.3604412842179737E-002   5.0430778425661939E-002   2.1771391926874887E-002   2.3700807401597782E-003  -2.7036945420092946E-003  -3.2970609628499840E-004   5.5941664485984074E-004  -6.0025958049176811E-005  -5.8142207448815659E-004  -7.6406083791031123E-004  -6.0560246390294645E-004  -6.2351982756076547E-004  -3.0668773674965996E-004  -1.3020001732894353E-003   7.2683925362349510E-004   1.4752282905477864E-003   2.2992287158811339E-002   5.9018393217156608E-002   5.0621619903814953E-002   2.9784476204920803E-002   1.7456161120201437E-002   1.4522151971437526E-002   1.2771355708170628E-002   1.1325290124381332E-002   1.0149095248998499E-002   9.5527590596788357E-003   9.4832866046409194E-003   9.7112610280888304E-003   1.0570884284006862E-002   1.1562327337119094E-002   1.6387460550778204E-002   2.2012511647226084E-002   4.2999124105375493E-002   6.3514080168259907E-002   6.5556063687200683E-002   4.5794750439460012E-002   3.1996613371580232E-002   2.3396894610147396E-002   1.8432890025991123E-002   1.5382622346672401E-002   1.3109467393457567E-002   1.1600802036252533E-002   1.0729054530348768E-002   1.0484431835784201E-002   1.0683959123536346E-002   1.1792379892440637E-002   1.3568431926860849E-002   1.8481415142053974E-002   2.6669307223621503E-002   4.0232676526793021E-002   5.1474604068829012E-002   5.6808703410112280E-002   5.1785044715655704E-002   4.3865712066846092E-002   3.5378913687467491E-002   3.0123950597334942E-002   2.6401102304154100E-002   2.3970571120429898E-002   2.2495819996427753E-002   2.2014442371095184E-002   2.2437340463159663E-002   2.4096426187727477E-002   2.7320640688013025E-002   3.2705233371654659E-002   4.0326482845613507E-002   4.9358453001601722E-002   5.7375449343732648E-002   5.8124441417001418E-002   5.4163822560993162E-002   4.7455711064396708E-002   4.0492433822521601E-002   3.4706784740436834E-002   3.0275080683195406E-002   2.7270302712113319E-002   2.5280691392324493E-002   2.4295894193755878E-002   2.4296764025461711E-002   2.5408714047679262E-002   2.7772270217090490E-002   3.1731331642465332E-002   3.7038802282288917E-002   4.2266194243899054E-002   4.7684388110199531E-002   4.9994648147785432E-002   5.0308004825785166E-002   4.7868418550530284E-002   4.4003895605961053E-002   3.9984139206395063E-002   3.6508496830002679E-002   3.3820723634969643E-002   3.1990812129221356E-002   3.1027952532741737E-002   3.0929003449131454E-002   3.1761035377245055E-002   3.3639501205391047E-002   3.6648374108024594E-002   4.0500534542648653E-002   4.5127121199518422E-002   4.9666692663512479E-002   5.2941318406738089E-002   5.3916190316271199E-002   5.2414901891581864E-002   4.9359774674414186E-002   4.5913487156726170E-002   4.2323015467407653E-002   3.9051906868127373E-002   3.6498259364428021E-002   3.4692546947987624E-002   3.3691304047180640E-002   3.3521959249897960E-002   3.4133881076675539E-002   3.5562964755571025E-002   3.7690988178437884E-002   4.0211989835377195E-002   4.2916185608716143E-002   4.5179745963999644E-002   4.7086551078709307E-002   4.7945940022311902E-002   4.7775614061730712E-002   4.6655717024420208E-002   4.5049520203834660E-002   4.3501369827955806E-002   4.2232352204137735E-002   4.1469965281763464E-002   4.1378052595878963E-002   4.2006495008189842E-002   4.3389911545093071E-002   4.5425272014373984E-002   4.7997537539007325E-002   5.0776470673726828E-002   5.3442261213356851E-002   5.5420793956303775E-002   5.6307448029055525E-002   5.6122546287354129E-002   5.5292462775299429E-002   5.4098772572315101E-002   5.2945860231834709E-002   5.1999879203976848E-002   5.1486384359055233E-002   5.1587846188655619E-002   5.2398192036318368E-002   5.3982598448501347E-002   5.6393891448182111E-002   5.9630364074476049E-002   6.3694998169531572E-002   6.8536961726555740E-002   7.4064708546549757E-002   8.0150386461971104E-002   8.6821838905674589E-002   9.3922569655211452E-002  0.10141520705561147       0.10916068075083950       0.11724048893920372       0.12593336399639740       0.13552835879058342       0.14637431707058965       0.15869699319845412       0.17270956711098032       0.18851372292019386       0.20610484881338839       0.22532479031034802       0.24595531916032842       0.26752578368502933       0.28954581099483651       0.31142905449167668       0.33272143412234578       0.35286484800648632       0.37116812287426049       0.38645633555573350       0.39703643072364914       0.40057487371450440       0.39427734898663919       0.37442978100429081       0.33716581235102344       0.27877371549638708       0.19578036466128546        8.6117749996447515E-002  -6.0396132539679412E-014
  -1.5721445867458277E-007   2.0594418233686892E-003   3.8442855431747975E-003   3.7715305938675610E-003   1.8880361851268785E-003  -1.7615951790773037E-003  -7.1594119337508736E-003  -1.4321253931255131E-002  -2.3307460823690670E-002  -3.4224784447636630E-002  -4.7228096513399667E-002  -6.2516471026690293E-002  -8.0326354998151606E-002 -0.10092071406313656      -0.12457464100143582      -0.15155474472544392      -0.18209764499487147      -0.21638083418748877      -0.25449436538657627      -0.29641536726325179      -0.34197438574593858      -0.39085017215759027      -0.44255412249969639      -0.49643924605286532      -0.55172833535873289      -0.60754181917840155      -0.66293299556079388      -0.71695225191768830      -0.76865179939425932      -0.81714773293980913      -0.86162275852822989      -0.90133960092220355      -0.93564773121880485      -0.96397147931687310      -0.98583819389690741       -1.0008316872023648       -1.0086107108370659       -1.0090050684600225       -1.0018797532844788      -0.98762450886294306      -0.96621878680521733      -0.93830754065884592      -0.90420196072821790      -0.86359662005959192      -0.81613203544943791      -0.76346140168222565      -0.70151784079754631      -0.63297403493000259      -0.55047321111849434      -0.46574126947016581      -0.37836076346899306      -0.29574569605358841      -0.14867083961332145       -5.9523789709116023E-002  -1.6539385309922019E-002  -4.9230721760589159E-002  -5.2682192162918353E-003   6.3145829570601053E-002  0.12136432643565064       0.16501639648849398       0.16319057163673178       0.13767674248438933       0.10836514646231610        8.3314486689654021E-002   6.2062984631048139E-002   4.3339646061974421E-002   2.6946308629959264E-002   1.2999184713278168E-002   1.6438076860234168E-003  -7.2425914998232900E-003  -1.3089235821304708E-002  -1.6619624120828597E-002  -1.7871405030219153E-002  -1.9811769520175628E-002   3.5747644123766256E-002   1.9028297463717092E-002   2.9383340347386880E-003  -1.0855299837244925E-003   5.1628830260192491E-004   1.1583496307129269E-003   5.5933155252316518E-004   8.8254636101172575E-005  -1.6009373667995083E-004  -1.0250269925599374E-004  -2.3191714196117876E-004  -5.8839426806436781E-005  -1.1446468236597925E-003   6.6447156463917973E-004   1.6274488341750974E-003   2.1625085649775385E-002   5.3350616754008387E-002   4.5809400193091959E-002   2.7798852358248617E-002   1.6373116415186212E-002   1.3647864764443218E-002   1.1911064826426026E-002   1.0538914328012605E-002   9.3354209505781133E-003   8.7210894742249783E-003   8.4425875722997160E-003   8.6116158014019877E-003   8.9515512717112753E-003   9.9419785585096489E-003   1.1068125811054702E-002   1.5832327514474196E-002   2.0935679843795438E-002   4.0666114601271237E-002   6.0901132114159567E-002   6.2894911786666383E-002   4.3313703376513878E-002   3.0338342592895279E-002   2.2267210837418141E-002   1.7608000042823188E-002   1.4810740771679175E-002   1.2773759186013442E-002   1.1454471161720471E-002   1.0819396803859758E-002   1.0718669883062236E-002   1.1487764310220933E-002   1.2833339886853897E-002   1.6974596632328115E-002   2.4181896099993945E-002   3.6226210538772258E-002   4.6334398254657121E-002   5.1550841045246147E-002   4.7463674789233759E-002   4.0497669802721507E-002   3.2771650898940158E-002   2.8117827161139058E-002   2.4773104886289515E-002   2.2619375513072686E-002   2.1338226154913181E-002   2.0986415050594301E-002   2.1484494047915380E-002   2.3151030749814852E-002   2.6330809276337037E-002   3.1494865392157720E-002   3.8789045336546736E-002   4.7516585631179255E-002   5.5144800817716673E-002   5.5687988742513843E-002   5.1577613941992305E-002   4.4911907875802994E-002   3.8183683570162573E-002   3.2534313390763660E-002   2.8147749333201241E-002   2.5085000226463712E-002   2.2907990705692983E-002   2.1585547831530178E-002   2.1020950243956910E-002   2.1288277742757811E-002   2.2438194873909661E-002   2.4638986682078094E-002   2.8289727292567915E-002   3.3164519452749140E-002   3.7928575471319649E-002   4.3081169132557572E-002   4.5549942273933282E-002   4.6357078742300141E-002   4.4577567875561670E-002   4.1376802893329380E-002   3.8020801137680235E-002   3.5191472460979832E-002   3.3108300947780257E-002   3.1889999166924685E-002   3.1566989631908071E-002   3.2152807979595625E-002   3.3807732826889626E-002   3.6570226122385634E-002   4.0166530927866338E-002   4.4530841867346828E-002   4.8837038361403788E-002   5.1897999305499994E-002   5.2677686211227440E-002   5.1052467380681324E-002   4.7987661171423238E-002   4.4623678880857554E-002   4.1180116055856412E-002   3.8052342332770397E-002   3.5638927813245715E-002   3.3946743545698155E-002   3.3026337611072418E-002   3.2902154254995715E-002   3.3520463886138725E-002   3.4930263876660844E-002   3.7028705507078451E-002   3.9534034718401022E-002   4.2281465406664144E-002   4.4729317115486097E-002   4.7017665927670343E-002   4.8460083539740940E-002   4.9017369812439995E-002   4.8722097395660129E-002   4.8026650751433295E-002   4.7464250666158225E-002   4.7265246605744028E-002   4.7640146363185018E-002   4.8813014622095370E-002   5.0819658628364642E-002   5.3786060216455385E-002   5.7735969060785833E-002   6.2622925598775470E-002   6.8347051875107825E-002   7.4632733885424116E-002   8.1173367168157512E-002   8.7423491200104300E-002   9.2986414171509407E-002   9.7955504638301383E-002  0.10284664425458780       0.10803876859113325       0.11403224983145702       0.12108542017831229       0.12952556655243452       0.13964937389106358       0.15161277443415777       0.16553916495392587       0.18148489893371228       0.19938412341160866       0.21905979112578292       0.24019442680705941       0.26260109450455477       0.28572731646646221       0.30911195613557452       0.33194813757938108       0.35344191718178675       0.37258741324660977       0.38771166146418656       0.39663821157480461       0.39609138682794148       0.38161896042318372       0.34890426214976616       0.29233821783020436       0.20774998279154255        9.2201851711953053E-002   2.3092638912230363E-013
  -1.6208253545798017E-007  -5.3686706345558721E-003  -1.3744989552984522E-002  -2.2762170418159235E-002  -3.2455027452693769E-002  -4.2870749694865283E-002  -5.4067939139917191E-002  -6.6135737640132045E-002  -7.9198556710363688E-002  -9.3420040570019791E-002 -0.10900257354871321      -0.12618297329129594      -0.14522541896672739      -0.16640910187896321      -0.19001503942447034      -0.21630643567844521      -0.24550863955754720      -0.27778631065904980      -0.31321744040218458      -0.35177528623013099      -0.39330626005085645      -0.43751867702384528      -0.48398249422746786      -0.53213486283526978      -0.58129459660603577      -0.63069415912536675      -0.67950755410350816      -0.72688452375454526      -0.77196980049927122      -0.81395688143874745      -0.85205246286636305      -0.88552532354247937      -0.91370165559989591      -0.93596154846189772      -0.95173541199296152      -0.96044383307056835      -0.96178134920850933      -0.95535419333106653      -0.94109167252915737      -0.91898718377941135      -0.88948817498503863      -0.85390311384642437      -0.81203412297195976      -0.76375489699777166      -0.70862768502793372      -0.64547275823952566      -0.57615889784136798      -0.50455799929514467      -0.41409897430498194      -0.29851321206283327      -0.19394843447812210      -0.12890205981736061       -4.1887063457783501E-002 -0.14802948576281810      -0.17652525773654829      -0.18970674689850661      -0.19054172571693173      -0.17451739753618403      -0.15579867846935386      -0.14383751357610985      -0.14106375585409564      -0.14626643622883440      -0.15258987838131238      -0.15551670078900184      -0.15380300690654419      -0.14776124099916971      -0.13781225523679858      -0.12409884137756302      -0.10662762643912291       -8.5220945622678054E-002  -5.9673719346059501E-002  -2.9344013591884880E-002   6.6657806056642198E-003   5.5176989777920266E-002  0.10452163278078765       0.13732400061037761       0.13909340151361782       0.12225229205183188       0.10134771765643499        8.2648596985920753E-002   6.5965245694272104E-002   5.0599123009419378E-002   3.6494977530943967E-002   2.3898665638791904E-002   1.3034750428605173E-002   3.9122308351993446E-003  -2.8334835172064920E-003  -7.8361435611176561E-003  -1.1247600712956513E-002  -1.6121942876023709E-002   3.3979737682842362E-002   1.8667969258887369E-002   2.7852956040908088E-003  -8.1734283637218449E-004   4.5845294328207802E-004   1.0808017002347863E-003   4.7665829262793721E-004   3.3928428416605303E-005  -2.0165521805995293E-004  -2.7121974350841587E-004  -2.4393732175954317E-004  -3.5459835446278174E-004  -2.3764965272243083E-004  -1.2932815766433089E-003   2.3219598051828360E-004   1.3321868338135947E-003   1.9465215547004550E-002   4.8168373288976891E-002   4.1882694293872043E-002   2.6056378697109910E-002   1.5283140050551635E-002   1.2937808454530315E-002   1.1395309330541833E-002   1.0206507844812748E-002   9.1956978739474397E-003   8.7275867422734656E-003   8.7279127048668394E-003   9.0303944834734945E-003   9.9456789761948119E-003   1.1109412169446838E-002   1.5648146678150839E-002   2.0122781081041808E-002   3.8186829078080256E-002   5.7673477858454475E-002   5.9264130887650028E-002   4.0205353886721480E-002   2.8260000217488368E-002   2.0821622554186563E-002   1.6466354243594668E-002   1.3887752421887740E-002   1.1991751444980518E-002   1.0762765090960080E-002   1.0151259942396710E-002   1.0030816871708283E-002   1.0714203266181402E-002   1.1873558547179612E-002   1.5602935724679646E-002   2.2272041386236681E-002   3.3315657479475493E-002   4.2617570936858196E-002   4.7678090869932604E-002   4.4232516726517818E-002   3.7838645831145046E-002   3.0522759455511392E-002   2.6173662425473580E-002   2.2927225050500953E-002   2.0762287406812525E-002   1.9343989454550150E-002   1.8677934129514732E-002   1.8722222115047399E-002   1.9505803381466229E-002   2.1272266553678958E-002   2.4427219396205752E-002   2.9302757196029164E-002   3.6152309840838517E-002   4.4554386522280089E-002   5.1914457020881155E-002   5.2454190291839592E-002   4.8526376754269830E-002   4.2268655802280133E-002   3.6122534867689370E-002   3.0992886957911556E-002   2.7059919401605428E-002   2.4419762130649426E-002   2.2625271399213095E-002   2.1691751224206093E-002   2.1581484471884873E-002   2.2367071859292972E-002   2.4140907881985994E-002   2.7349925565263066E-002   3.1709473506395996E-002   3.5945377777291093E-002   4.0669998080947303E-002   4.3060270372717153E-002   4.4037192138647381E-002   4.2576650819230996E-002   3.9666380900262005E-002   3.6606430064181364E-002   3.4056968853711976E-002   3.2192636192527213E-002   3.1158398399722117E-002   3.0983304926710021E-002   3.1680902124190044E-002   3.3422438451827741E-002   3.6243770173751244E-002   3.9872942505405157E-002   4.4288202925842943E-002   4.8690194914822446E-002   5.1907061938124582E-002   5.2898039054885812E-002   5.1584046027159151E-002   4.8986600867211239E-002   4.6230090688929575E-002   4.3514991292490590E-002   4.1168690206485108E-002   3.9614538816587982E-002   3.8840010811293464E-002   3.8907847571817485E-002   3.9836290776894961E-002   4.1696964904435897E-002   4.4441402200868792E-002   4.8207184638847093E-002   5.2906201111156494E-002   5.8325587790996149E-002   6.4340413042569988E-002   7.0473728900568758E-002   7.6938778290638860E-002   8.3065965648534079E-002   8.8837461013791044E-002   9.4343731725451963E-002  0.10013982641342800       0.10690156372047785       0.11500266426779658       0.12478037777227767       0.13661952214176906       0.15066778127872008       0.16698264442957930       0.18551836468876126       0.20591306892653222       0.22772548530479328       0.25013188665131925       0.27240459924865756       0.29431430975154133       0.31603536096032392       0.33732668995361587       0.35768580180955017       0.37570433764781636       0.38920090179056205       0.39433376909781709       0.38647692271175721       0.35974858905175344       0.30626069443973825       0.22132098637796160        9.9138017565930728E-002  -2.1316282072828028E-014
  -1.7182386178742643E-007  -1.2754410507826315E-002  -3.1237522806459597E-002  -4.9141175993033248E-002  -6.6567294112258174E-002  -8.3641347316394998E-002 -0.10049029917686170      -0.11727154998620197      -0.13417179515161667      -0.15141305654489245      -0.16925008715620415      -0.18796491351029870      -0.20785920618085146      -0.22924110115640201      -0.25241176793633063      -0.27764652081885294      -0.30517663400749678      -0.33516848230181318      -0.36770358949814247      -0.40275941915768876      -0.44019754132321059      -0.47975278535686899      -0.52103362146180010      -0.56353319794660983      -0.60663865360244729      -0.64966322866195569      -0.69186333671657319      -0.73246446467573156      -0.77069940339678700      -0.80580366372959966      -0.83701202732886781      -0.86364365177345159      -0.88499882113285633      -0.90042853710262849      -0.90934896772384399      -0.91122979063493104      -0.90560352476875672      -0.89173170079587127      -0.86987704399451671      -0.83944719299725967      -0.80156552582215346      -0.75653110183413952      -0.70750518120597994      -0.65374758752769568      -0.59285846740070902      -0.51786159491461992      -0.44011770861134419      -0.35571907713869344      -0.27471293676418129      -0.13092891054799990       -4.5157697814025878E-002  -2.0066867917277173E-002  -7.5626291236899304E-002 -0.11833297445049323      -0.16235789605613438      -0.19141349725593465      -0.21243501059933129      -0.22682400823934387      -0.23870357209638440      -0.24982825723300081      -0.26068683892498501      -0.27124065410832754      -0.28046156448077325      -0.28714911957593314      -0.29099899342341778      -0.29233241938543908      -0.29158733981591906      -0.28900864116848701      -0.28463767334359319      -0.27830082532626377      -0.26962764272120660      -0.25779669882090905      -0.24154933572389378      -0.22193453636806068      -0.20258906165788040      -0.18818719586095298      -0.18116849586778772      -0.18022180918837885      -0.18035056696051086      -0.17814521543629167      -0.17258235913023598      -0.16375807098993692      -0.15187955355949620      -0.13694740261195956      -0.11887773430193689       -9.7426552025072236E-002  -7.2350659922642946E-002  -4.3040046107880266E-002  -8.7233441801847864E-003   3.6649961586304874E-002   8.2472815243344849E-002  0.11376448148727199       0.11681813937125149       0.10211217534292467        8.3621534486383403E-002   6.7071172149153743E-002   5.2252808055659447E-002   3.8619824164604286E-002   2.6088774369582200E-002   1.4972730402054293E-002   5.3455789975291159E-003  -2.6074584342013303E-003  -8.9328588859950778E-003  -1.2917719437668984E-002  -1.5071908294663207E-002  -1.5458951231468487E-002  -1.7124026206387057E-002   3.3632733380548945E-002   1.8759210533491784E-002   2.7593019351475562E-003  -6.9755495862634516E-004   4.5388232613112765E-004   1.1084024474329508E-003   4.9192080056485960E-004   8.1183820699369370E-005  -1.7885850058989853E-004  -1.6088749830429487E-004  -3.2282261834169762E-004  -2.6712461906415626E-004  -1.3420753165853750E-003  -1.1445953429128068E-004   1.1110107996905633E-003   1.7094829602626122E-002   4.1980907786571521E-002   3.7048434489975066E-002   2.3889754721633034E-002   1.4011026271694125E-002   1.2054321017473477E-002   1.0667376373997511E-002   9.6505796303201809E-003   8.7454182464002279E-003   8.3665690096097201E-003   8.4149849209305128E-003   8.7752625843754792E-003   9.7349684644359221E-003   1.1024375613198960E-002   1.5595996088222520E-002   1.9754908256624615E-002   3.6926312273836838E-002   5.6177612040966413E-002   5.7150274110481056E-002   3.8121087077872526E-002   2.6789794668588208E-002   1.9712263434311594E-002   1.5467036801310880E-002   1.2958755427468976E-002   1.1043532485041229E-002   9.7677988573092647E-003   8.9721854126591696E-003   8.6708453022013281E-003   8.6662240499335921E-003   9.3521951088900435E-003   1.0308765981171140E-002   1.3496552967497535E-002   1.9396343594548865E-002   2.9295862998818242E-002   3.7821458725354910E-002   4.3103553089293332E-002   4.0620204801687917E-002   3.5185975063605261E-002   2.8575311109262563E-002   2.4877609747176947E-002   2.2110052461273632E-002   2.0388488322701400E-002   1.9396781464804062E-002   1.9233236839909851E-002   1.9814805541280345E-002   2.1420820479435890E-002   2.4413458301350995E-002   2.9014379817873078E-002   3.5526028429599961E-002   4.3647476431647153E-002   5.0645736235694683E-002   5.0986428439463320E-002   4.6900751149754706E-002   4.0693798255545345E-002   3.4824508545716316E-002   2.9906892381134569E-002   2.6149871293543486E-002   2.3642612347801070E-002   2.1929432970328577E-002   2.1031324065265630E-002   2.0909639987124206E-002   2.1607042110054656E-002   2.3203638699687282E-002   2.6191382874187485E-002   3.0268584899808444E-002   3.4216001692076482E-002   3.8806514410162134E-002   4.1437323030462131E-002   4.2939773482746586E-002   4.2165758566282220E-002   3.9932500053323043E-002   3.7579260104130208E-002   3.5742183137103499E-002   3.4570032970880397E-002   3.4210293068433206E-002   3.4716561158203423E-002   3.6111716427532740E-002   3.8506103966378061E-002   4.2071936794505084E-002   4.6932495601865382E-002   5.2814201200381272E-002   5.9792580324804938E-002   6.7054391748890177E-002   7.3410643112141419E-002   7.7773600295370657E-002   8.0112935411179934E-002   8.1580648531803746E-002   8.3438012228784553E-002   8.5966995004777141E-002   8.9597528429880738E-002   9.4911718022211003E-002  0.10205260833527603       0.11129760259462944       0.12274688562808503       0.13668103267866236       0.15308336684332116       0.17168370073151520       0.19228049697890373       0.21403334573052499       0.23707498994088341       0.26035063805168634       0.28371385393060589       0.30690747538826973       0.32984569878116526       0.35209429845423140       0.37147676995792067       0.38429068613256634       0.38581787699235859       0.36720654704971056       0.32024357098923462       0.23672395637396304       0.10718702708228438        2.3447910280110827E-013
  -1.7173307610098812E-007  -2.0087788640512718E-002  -4.8610728022028933E-002  -7.5338205565452357E-002 -0.10042889162392836      -0.12407702119391632      -0.14647068847730760      -0.16783015455728370      -0.18840091164728384      -0.20845999588263409      -0.22831230036955188      -0.24828378696077447      -0.26871358804484702      -0.28994022890948218      -0.31228858465246967      -0.33605182875417178      -0.36147590894909365      -0.38873816573771258      -0.41793439686344830      -0.44905988897364602      -0.48200238473203966      -0.51653442747668921      -0.55231395065000588      -0.58889436065930545      -0.62573332773422508      -0.66222279021967456      -0.69769625691748050      -0.73146480147395032      -0.76282481292996074      -0.79106630033938752      -0.81552419601839776      -0.83550192864325923      -0.85021270844578156      -0.85905788140127537      -0.86133154361630881      -0.85646148634110741      -0.84373112578784137      -0.82265858376396772      -0.79284566218478536      -0.75342826478024927      -0.70639769496673011      -0.65016040153275101      -0.59104121932322051      -0.52897521326350139      -0.46680755299721888      -0.38575378147755646      -0.27914653836406256      -0.17917688534147078      -0.11846242328583123       -3.0836807451512769E-002 -0.11678916078375259      -0.14038106365813327      -0.15992196079198598      -0.18105546942462150      -0.19819378696813314      -0.21314773616700272      -0.22665657045132395      -0.23869527260624240      -0.25074483257549091      -0.26106231540017794      -0.26833425140083461      -0.27309083422300895      -0.27610222246696570      -0.27805012600387791      -0.27964971911666603      -0.28159112955888405      -0.28441590039791265      -0.28841484204034590      -0.29366976361048980      -0.30003232582605072      -0.30716314390518967      -0.31430354436701669      -0.32095169411125890      -0.32728540209262663      -0.33394309024848706      -0.34084402134819120      -0.34777169216657161      -0.35453356539611930      -0.36014476419972363      -0.36371423947711579      -0.36499936647581893      -0.36421413518492884      -0.36164648908385816      -0.35743719531641582      -0.35156961575018864      -0.34384980254056879      -0.33392760951771228      -0.32107341652088361      -0.30425597234306034      -0.28466780533955244      -0.26567063907511068      -0.25123697496060343      -0.24358743443075492      -0.24173507252933307      -0.24106182755235173      -0.23833326816637826      -0.23261553589479730      -0.22398474033066143      -0.21264865418269305      -0.19863959025987080      -0.18190160638142061      -0.16230946833921928      -0.13958450257436997      -0.11338537829766816       -8.3037725037358970E-002  -4.7768991431700339E-002  -2.3661133723808050E-003   4.2731406560466333E-002   7.4317798773919988E-002   7.8962879449261225E-002   6.6457459639367084E-002   5.0586068836502532E-002   3.6758581077469987E-002   2.4715498530685293E-002   1.3913320290493818E-002   4.2987885996998119E-003  -3.8706448089333005E-003  -1.0388423826323897E-002  -1.5227346662021588E-002  -1.7737548252257533E-002  -1.8296392614235338E-002  -1.6985427980252255E-002  -1.6790901706042635E-002   3.2370159589704704E-002   1.8393776321164432E-002   2.6351069356053084E-003  -5.6652437784121166E-004   3.9158143394170587E-004   1.0551840352068479E-003   4.3784734775525168E-004   5.8911121306358986E-005  -2.0725360724155512E-004  -2.0389789892351508E-004  -3.8993632736129022E-004  -3.9207778477616192E-004  -1.4932312013677368E-003  -4.4998125004103493E-004   9.5851221739262497E-004   1.5557209064634994E-002   3.7308290438504782E-002   3.3238283368627414E-002   2.2257527262758443E-002   1.2986945348596219E-002   1.1274156224347555E-002   9.9274252316117681E-003   9.0009662972721869E-003   8.0667087864032747E-003   7.6820858766452459E-003   7.5311217197229722E-003   7.8164106508912933E-003   8.2489133207102709E-003   9.3422713149752083E-003   1.0735194757293303E-002   1.5226193082706611E-002   1.8802349167417187E-002   3.4671433794904706E-002   5.3650202446503745E-002   5.4646185267394724E-002   3.5756960168057107E-002   2.5243538270907025E-002   1.8682647692824635E-002   1.4732620255137177E-002   1.2456628039995152E-002   1.0751956962798803E-002   9.6246108644469763E-003   9.0141781406075511E-003   8.8012392212410018E-003   9.2603223458228821E-003   9.9457144233460765E-003   1.2676965093259242E-002   1.8051691809694726E-002   2.6994971237100471E-002   3.4775902032871238E-002   3.9944399640465297E-002   3.8133568711973827E-002   3.3278813368474755E-002   2.7118363678460555E-002   2.3802627290563101E-002   2.1259917777256557E-002   1.9714161408282790E-002   1.8854623336168965E-002   1.8792229874794595E-002   1.9449737044381799E-002   2.1089159706834913E-002   2.4092795235615323E-002   2.8561730451383556E-002   3.4881508725904946E-002   4.2915735245426474E-002   4.9801134578412579E-002   5.0184212514060675E-002   4.6210175556702857E-002   4.0326427775437892E-002   3.5016707000066594E-002   3.0630122630211486E-002   2.7390154841511923E-002   2.5401487696305222E-002   2.4189891991671843E-002   2.3805098367219231E-002   2.4133882139862221E-002   2.5302611348999662E-002   2.7312621564697676E-002   3.0348354530844970E-002   3.4975837788202298E-002   4.0946721461374673E-002   4.7009155354736418E-002   5.4125853364416235E-002   5.9632288627355846E-002   6.4412386321509807E-002   6.7208318978399018E-002   6.8872871691873075E-002   7.0934768874830009E-002   7.4177266689108623E-002   7.8907863091393429E-002   8.5490314481372773E-002   9.4196726422174512E-002  0.10540268022854729       0.11949076126869514       0.13624739254947985       0.15584778483634534       0.17726798083677794       0.19886044405653461       0.21914547274259091       0.23797151750528764       0.25668278815178369       0.27688253803027207       0.29864282067600756       0.32187956784075000       0.34529156939615302       0.36606886330440036       0.37773531544300692       0.36992408094539564       0.33396529627683469       0.25286567578428620       0.11749629193856118        1.5631940186740559E-013
  -1.9148730765188757E-007  -2.7304862579073202E-002  -6.5703391101400194E-002 -0.10108650961904780      -0.13365451089450972      -0.16365683661477951      -0.19133727507665188      -0.21697422608501463      -0.24087270340705130      -0.26336945963241837      -0.28482724766715906      -0.30562698444115183      -0.32615876128699056      -0.34680611602240563      -0.36793407877598516      -0.38986969275406624      -0.41288780020164484      -0.43719060129650389      -0.46289740756682080      -0.49002478069496513      -0.51848312015324016      -0.54806698569242884      -0.57846255756084075      -0.60925141372317804      -0.63993181033269153      -0.66994198653601056      -0.69865638577431644      -0.72545726060762172      -0.74968985477287020      -0.77071226462924358      -0.78786864751090535      -0.80047065601672951      -0.80788675404796273      -0.80940978548373632      -0.80408262852641099      -0.79173219658268945      -0.77142358971256431      -0.74318338757277946      -0.70500630490837257      -0.65751558704215241      -0.59984899855374996      -0.53156106053039220      -0.46178256721562516      -0.39362915127705500      -0.32518315152707306      -0.25430071454963782      -0.12221273544098638       -4.3894350166158218E-002  -3.9297297920473546E-003  -3.0458574821274360E-002  -4.1724318486236062E-002  -5.3273480069542814E-002  -4.9265170679780167E-002  -4.0147963281825502E-002  -3.0369709928018518E-002  -2.2591637565565814E-002  -1.8978340803040651E-002  -1.7996986458001480E-002  -1.9481476177229239E-002  -2.0030032449584748E-002  -1.7273079445242590E-002  -1.1657123632251333E-002  -4.5853308091913106E-003   2.4748289075455484E-003   8.2439668176625402E-003   1.1778177422435056E-002   1.2469224303713691E-002   1.0013798051753417E-002   4.2977510014485746E-003  -4.6094863265454325E-003  -1.6493480341693342E-002  -3.0775068064537628E-002  -4.6862955143129277E-002  -6.4176747766663156E-002  -8.1773351072296205E-002  -9.7893296808125779E-002 -0.11129942139374739      -0.12222976974054328      -0.13117675956271685      -0.13875682415143878      -0.14561527428991802      -0.15236827619903553      -0.15948949088609135      -0.16724427360042715      -0.17572244069068382      -0.18481429693105347      -0.19425253241307389      -0.20341375678602849      -0.21198752875788518      -0.22032194260852461      -0.22913737772190140      -0.23829046304578777      -0.24746927228463336      -0.25652577554183542      -0.26454911886067878      -0.27069572607369186      -0.27474334791976407      -0.27691824456673936      -0.27753319257514664      -0.27678221137060316      -0.27470725892143144      -0.27121534772662859      -0.26604262030991599      -0.25876779771244152      -0.24863272020254074      -0.23470926955904620      -0.21833067693388161      -0.20257028185854858      -0.19085423747916960      -0.18529022835609660      -0.18511968977358517      -0.18588657949760110      -0.18447093716554558      -0.18000847944626225      -0.17256467676033052      -0.16230854413426427      -0.14920669019093175      -0.13315059742665769      -0.11387179684230132       -9.1051177698475788E-002  -6.4044806631216519E-002  -3.2178489720151589E-002   8.7810336640333757E-003   4.8875046477659202E-002   7.7104353447057308E-002   8.0542482820163380E-002   6.7817307470243712E-002   5.2165884505506556E-002   3.8547591671190838E-002   2.6645334798893906E-002   1.5980306612883792E-002   6.4749605867783205E-003  -1.6199023113550770E-003  -8.1256342636449250E-003  -1.3013031003475199E-002  -1.5647078183562514E-002  -1.6351715842306307E-002  -1.5268655169573816E-002  -1.5441375396766165E-002   3.1631467698055298E-002   1.8420387018562242E-002   2.5582970065771101E-003  -4.0008084191296917E-004   3.4656497885538081E-004   1.0279319196644266E-003   3.9771936761818274E-004   4.9809729741037783E-005  -2.0743841278002680E-004  -2.7517347395088399E-004  -3.3664319124328463E-004  -4.8598079335937679E-004  -5.6181060231219669E-004  -1.6280001865285514E-003  -8.9585869328410702E-004   6.4587966282001646E-004   1.3329258437363262E-002   3.2132976158968582E-002   2.9385854365278911E-002   2.0601320620555849E-002   1.1980114735998734E-002   1.0661031713597269E-002   9.5257666606148247E-003   8.7811238641350171E-003   8.0517273422963075E-003   7.8101562110655240E-003   7.9543170906947874E-003   8.4110429284163270E-003   9.4731861696861243E-003   1.0981457288584779E-002   1.5504800545844879E-002   1.8786762200941678E-002   3.3881003547774201E-002   5.2759725549311548E-002   5.3072496125900988E-002   3.4118147550059666E-002   2.4179949811459104E-002   1.7962072971495133E-002   1.4139100322341081E-002   1.1966086526127479E-002   1.0323329348278008E-002   9.2374184020275543E-003   8.6220012200750613E-003   8.3785865337979021E-003   8.7527104645592317E-003   9.2585115348709935E-003   1.1596296497675037E-002   1.6491633064077745E-002   2.4581440788908341E-002   3.1768384566632502E-002   3.7070206634524761E-002   3.6115475352544210E-002   3.2039248760344995E-002   2.6475486894453722E-002   2.3723716866600280E-002   2.1582361701779604E-002   2.0395242220738546E-002   1.9835866256872118E-002   1.9997634760423655E-002   2.0852589987328606E-002   2.2492745553819273E-002   2.5143586352544219E-002   2.9321379942067512E-002   3.5105480970217554E-002   4.3010875508719390E-002   5.3014969442921479E-002   6.2059641277709077E-002   6.4476681002279296E-002   6.2517382103581612E-002   5.8858897933132731E-002   5.6193099515216637E-002   5.4858413248283659E-002   5.5188502516273941E-002   5.7437475135084244E-002   6.1252820778439132E-002   6.6985753651844115E-002   7.4817984220548764E-002   8.5250420496458534E-002   9.9075707477185249E-002  0.11620554862561687       0.13487808624460351       0.15614329738859070       0.17590047307321927       0.19568647234165185       0.21416920054858021       0.23300148274842050       0.25420626395816431       0.27857251915875197       0.30577893052445837       0.33456066030442905       0.35772881919275940       0.36710071528721649       0.34537604400681154       0.26982291152090976       0.13156976647634894        2.9487523534078777E-013
  -1.7591696363334339E-007  -3.4408067953946839E-002  -8.2520433057221662E-002 -0.12639632696673619      -0.16627540680741182      -0.20245284588656837      -0.23522227725392844      -0.26491948457610470      -0.29190651052753597      -0.31657861132748588      -0.33935538921847297      -0.36067167597432676      -0.38096794536603495      -0.40067314030674794      -0.42019429738414893      -0.43989433355038349      -0.46008183260839769      -0.48099010995884600      -0.50276697837269302      -0.52545808463905364      -0.54900726225431562      -0.57324226919750987      -0.59789273363988804      -0.62258040242572832      -0.64685229539018618      -0.67017223445954199      -0.69198964796914997      -0.71175901106370998      -0.72884094692963408      -0.74268801962379094      -0.75270393102700428      -0.75830638950044071      -0.75883005748254873      -0.75337505992854592      -0.74110571125756886      -0.72124928314427428      -0.69290124183849622      -0.65758620369691589      -0.61164922261751908      -0.55691676040257898      -0.48716507795413833      -0.40966533741963468      -0.32566305692512632      -0.24165164860239405      -0.16336198440251021      -0.11045662894024938       -2.7546827966965094E-002 -0.10240435169150114      -0.11439125716597207      -0.11680523307360835      -0.11469117850574602      -0.10360596734393183       -8.2210792537880065E-002  -5.5685330584069451E-002  -2.9926304867469392E-002  -9.1794291569366714E-003   4.2925323117995896E-003   1.2551153730185633E-002   1.6769036522774675E-002   2.1303662584603263E-002   2.9175703073119817E-002   4.0161265459633007E-002   5.2751017731880886E-002   6.5265525671817218E-002   7.6285424272136484E-002   8.4847789296177797E-002   9.0399796821049053E-002   9.2690912881084442E-002   9.1598947517424117E-002   8.7101267940682917E-002   7.9250010928125322E-002   6.8479618674031253E-002   5.5410701219814659E-002   4.0976252176139351E-002   2.6735041204622164E-002   1.5061844838576758E-002   7.4742896609574323E-003   3.4794511378305167E-003   1.8932495955597084E-003   1.3324543305981821E-003   5.8694679418234920E-004  -1.2709656276029139E-003  -4.8672792495425693E-003  -1.0564056116148312E-002  -1.8551667240459934E-002  -2.8848301461635265E-002  -4.1340759889558695E-002  -5.5589313051302512E-002  -7.1189568007870366E-002  -8.7774548021545426E-002 -0.10465500251597200      -0.12022705597706639      -0.13323653800734342      -0.14387085604251487      -0.15256732025807193      -0.15988594822425001      -0.16643731608909607      -0.17283283066369021      -0.17957026598286552      -0.18697302079091013      -0.19518906205448575      -0.20422592871663464      -0.21391298978940307      -0.22393922121348034      -0.23368317837409233      -0.24286859763970464      -0.25184745294296740      -0.26115968384547056      -0.27047869201637392      -0.27952546134869294      -0.28825845144701245      -0.29586119370678982      -0.30154569384006835      -0.30510668378878503      -0.30674727628585607      -0.30672287676738841      -0.30514259226595530      -0.30196670980769208      -0.29698529718500033      -0.28983500195378464      -0.27984196880988771      -0.26627328738684175      -0.25061613467924482      -0.23562102429348347      -0.22408571646077532      -0.21799238446411170      -0.21687571524600058      -0.21657709346843179      -0.21415782723949961      -0.20884808023279983      -0.20070928316710926      -0.18990668295593327      -0.17640490606689144      -0.16010198929096137      -0.14073363161855829      -0.11797788288602694       -9.1212149328441960E-002  -5.9838734883660802E-002  -2.0299652587754988E-002   1.7963808167692431E-002   4.5789608695507272E-002   5.0559718546588028E-002   3.9700930939059076E-002   2.6179221783352729E-002   1.4617140926602693E-002   4.6357979587714447E-003  -4.1445592373596267E-003  -1.1866579458155764E-002  -1.8208475493038005E-002  -2.3131187774037436E-002  -2.6434590239844537E-002  -2.8192263980985292E-002  -2.7661377133486754E-002  -2.5059596387326247E-002  -2.0417331491676044E-002  -1.6814917240975356E-002   3.1370465910607562E-002   1.8534453100412726E-002   2.5101269129596949E-003  -3.2181035517353263E-004   3.1375817589473305E-004   1.0263733948224429E-003   3.8518212554832458E-004   4.8211802638227606E-005  -2.3480553663725881E-004  -2.6923147532856978E-004  -4.9265347836368982E-004  -6.1246123209124793E-004  -1.7465601397987048E-003  -1.1880250272775408E-003   5.5258336618639072E-004   1.1950710575423460E-002   2.7692197654880277E-002   2.5852838378775757E-002   1.9228780137342558E-002   1.1203892331971997E-002   1.0130177976057390E-002   9.0733872140787344E-003   8.4505128603301997E-003   7.7898169337387163E-003   7.6203353362503190E-003   7.8051961530952122E-003   8.3263186098261281E-003   9.4473285722805056E-003   1.1105879519157520E-002   1.5690511379850815E-002   1.8664960593468685E-002   3.2996444520524755E-002   5.1951059484531110E-002   5.1884532777272216E-002   3.2843371633073257E-002   2.3549564749676170E-002   1.7778639548756608E-002   1.4195355146788076E-002   1.2273083136170657E-002   1.0828671922936536E-002   9.9698408886372859E-003   9.5163045063903599E-003   9.5179125000849820E-003   9.7783682508265461E-003   1.0705177295383419E-002   1.1728955176343302E-002   1.4717265045346668E-002   2.0487586378110115E-002   2.9726261360170640E-002   3.8318028337750172E-002   4.5502122863664542E-002   4.6483795417121374E-002   4.4297372920671811E-002   4.0596795636498949E-002   4.0161529178702811E-002   4.0663620964332112E-002   4.2655713154258972E-002   4.5995406337807201E-002   5.0951810827136207E-002   5.8007760760924475E-002   6.8026857939771854E-002   8.1662329690259522E-002   9.9746860949801744E-002  0.12187619600115256       0.14441565143420729       0.15895191827365834       0.16880733378728568       0.17758382514862001       0.18927918851231215       0.20538972107642839       0.22656156986173490       0.25377082990186861       0.28601279179740585       0.32045294632730492       0.35171224348465641       0.34828597968430586       0.29197086957172891       0.14596544564609512        3.1974423109242052E-014
  -1.8859547919788203E-007  -4.1348884839153693E-002  -9.8939661570904280E-002 -0.15106503313038772      -0.19797829634335073      -0.24001793213550232      -0.27752038411084101      -0.31087650730295291      -0.34050999162305484      -0.36688199559397350      -0.39048050787592192      -0.41180918715211878      -0.43137536251048442      -0.44967118901874609      -0.46716313228869971      -0.48426671208531946      -0.50134020357410702      -0.51865791839940656      -0.53640572820990784      -0.55466110520183798      -0.57339231124297518      -0.59244640780043745      -0.61156095561437740      -0.63035564340603367      -0.64839008580424673      -0.66513702569929634      -0.68008632524845625      -0.69261286417564127      -0.70226157565567360      -0.70860246238905888      -0.71090803145052095      -0.70859795938595960      -0.70121555559119708      -0.68791297621050196      -0.66807192541049054      -0.63977557309139810      -0.60332066110175231      -0.55721329181603119      -0.50340058112912633      -0.44613735140371480      -0.36986678508412851      -0.27009251831850445      -0.17449158115277896      -0.10130855232739666       -4.2061246475573695E-002  -5.6478982012571795E-003  -3.7224397850881476E-002  -5.5198208562868584E-002  -7.2507146474569309E-002  -7.2482446208081225E-002  -6.2171518921694563E-002  -4.4485379755903325E-002  -1.7720954198406604E-002   1.1826376354731650E-002   3.8717342894145426E-002   5.8715014538818437E-002   6.9750239858794860E-002   7.4359160333639138E-002   7.4272637143700165E-002   7.4359250535036281E-002   7.7987476106072651E-002   8.5101716721795784E-002   9.4253348258418690E-002  0.10381622420634741       0.11247681587406667       0.11942839395880407       0.12428031891257045       0.12689563075032848       0.12717569900815257       0.12501643443319618       0.12030505058337751       0.11328920614081645       0.10446890945174402        9.4787027465639051E-002   8.5925290921758712E-002   8.0383982529089321E-002   7.9682686429143043E-002   8.3150310510110098E-002   8.9301552161694026E-002   9.6456412614932929E-002  0.10321384379682032       0.10857691569306337       0.11192267755191972       0.11289750722952176       0.11127573027634863       0.10694136747201342        9.9862328866196504E-002   9.0369311954709944E-002   7.8935326895406388E-002   6.6293215917929124E-002   5.3714113239394429E-002   4.3363144087921232E-002   3.6762460284837720E-002   3.3517134362749987E-002   3.2573852912045710E-002   3.2677725831623192E-002   3.2708656682159824E-002   3.1781644293207817E-002   2.9276084005797127E-002   2.4799808733183652E-002   1.8130772504100601E-002   9.1539483488173833E-003  -2.1089062722390484E-003  -1.5526756995105426E-002  -3.0671832272410989E-002  -4.7157518618174285E-002  -6.4613867376823467E-002  -8.2254580503896557E-002  -9.8440895386875976E-002 -0.11202488426095938      -0.12327714046362237      -0.13268709385242741      -0.14083055899541250      -0.14830505156508864      -0.15568419236010037      -0.16340666013915389      -0.17171271086376921      -0.18068075782726492      -0.19020935404418376      -0.20005602832110878      -0.20968783034807886      -0.21891595659780813      -0.22812199154807491      -0.23769979123523211      -0.24716908142817956      -0.25627689066921494      -0.26507867946960051      -0.27285357021979872      -0.27886951766232998      -0.28293674938976821      -0.28524757532400269      -0.28603972868209565      -0.28540948091654039      -0.28331187496830573      -0.27953841688642223      -0.27373852164658125      -0.26528891092219004      -0.25360827257861368      -0.24030361684216797      -0.22785896507896736      -0.21850849787837340      -0.21412528790651944      -0.21452188963686966      -0.21577932776481901      -0.21506909601724711      -0.21169962151273591      -0.20573474822113413      -0.19736494816978087      -0.18658473449739962      -0.17332385433050801      -0.15743362671560560      -0.13863226848853613      -0.11649420862618973       -9.0337666249146187E-002  -5.9573798844611017E-002  -2.1555511503788552E-002   1.4339257113958392E-002   4.0700375444897692E-002   4.5147192684621272E-002   3.4507663501485604E-002   2.1613823387698204E-002   1.0784069757422503E-002   1.5983711970631994E-003  -6.3294977812543649E-003  -1.3098710315170323E-002  -1.8467662011070952E-002  -2.2279522144107364E-002  -2.4503361089740865E-002  -2.4476771010482554E-002  -2.2345828740443587E-002  -1.8251774960692340E-002  -1.5339583278254977E-002   3.0815953999032229E-002   1.8657154293939795E-002   2.4649141652724128E-003  -1.4947073881396193E-004   2.7583516135567892E-004   9.9870007418463710E-004   3.3989507779965989E-004   2.6593543899795625E-005  -2.7009088496985294E-004  -3.2137638775901181E-004  -5.7122134942111217E-004  -7.4820349950632337E-004  -1.9202969757624994E-003  -1.5640033378173017E-003   3.6827644330708820E-004   1.0410160153138668E-002   2.3281132524007125E-002   2.2436138363265475E-002   1.7978994812955985E-002   1.0504915238123072E-002   9.7519901127386382E-003   8.7929818065755807E-003   8.3358745451261526E-003   7.7190564318295515E-003   7.6475786894324828E-003   7.7515894183809329E-003   8.3317793910223509E-003   9.0852541636290748E-003   1.0600349300381324E-002   1.2656799227949045E-002   1.7910466246514229E-002   2.1302739328221704E-002   3.6861536805842351E-002   5.7897627954046231E-002   5.8786038866856231E-002   3.9452421829507242E-002   3.0877068570135887E-002   2.6023322767334850E-002   2.3525658448498282E-002   2.2990048861533701E-002   2.3186109267059312E-002   2.4351084992320558E-002   2.6314034834275329E-002   2.9762529775042314E-002   3.4114993596634682E-002   4.2608540489830413E-002   5.6156584056868186E-002   7.6613601274429691E-002   9.6830044958050795E-002  0.11443437023224429       0.12314019675202088       0.12911756374107003       0.13526876551689224       0.14850670791575254       0.16646301040219807       0.19073194573029179       0.22069327273699707       0.26151197091274714       0.30957468159011209       0.33938209535937652       0.32524275171590877       0.15586625289838846        9.5923269327726162E-014
  -5.4516010326150532E-007  -4.8149385213243613E-002 -0.11498303386447058      -0.17511992005496907      -0.22882536756615732      -0.27646389215758888      -0.31842199697334650      -0.35514548441211191      -0.38712054293873643      -0.41487562270428335      -0.43896735939013659      -0.45996657806780977      -0.47844582442659495      -0.49495969403312962      -0.51003145889883494      -0.52413007081632423      -0.53766481259139254      -0.55095145805085877      -0.56421783339935205      -0.57757625318044004      -0.59103102136007613      -0.60445905829263957      -0.61762365986471790      -0.63019139793046586      -0.64172454042725624      -0.65169520739080511      -0.65957494001214445      -0.66480141424224171      -0.66707173977363010      -0.66571017545901545      -0.66053974381954061      -0.65111895671970366      -0.63638612257435678      -0.61532933181857408      -0.58877239538290094      -0.55300830852376703      -0.50858243910009127      -0.44998290580309941      -0.38706765367581236      -0.31701373598279553      -0.24659765976102757      -0.12313089161654325       -4.4739849494645392E-002  -3.4146094307950930E-002 -0.10837469870085427      -0.12697223826151185      -0.13789682481946827      -0.14703195936593871      -0.14964541011849028      -0.14219914163915670      -0.12611186205061112      -0.10465492365385391       -7.6747122287979447E-002  -4.8323035569886062E-002  -2.4328909372923667E-002  -8.3851232433960702E-003  -2.0638187978516635E-003  -2.4437774672197311E-003  -7.5360525971664948E-003  -1.2332236515522291E-002  -1.3415002594927219E-002  -1.0832893408581535E-002  -5.9976334373983567E-003  -4.1963580289882128E-004   4.7802749015373406E-003   9.0231097085548186E-003   1.2126319572432299E-002   1.4094019927446091E-002   1.4870506377656450E-002   1.4285887950665379E-002   1.2065888284463368E-002   8.2375002187149646E-003   3.0730532821688231E-003  -2.6690207598025323E-003  -7.4292023661334501E-003  -8.7947633702804614E-003  -5.3373130522012344E-003   2.1787803217161671E-003   1.2211727403191144E-002   2.3102681369533869E-002   3.3559342937677379E-002   4.2752680818397434E-002   5.0235853545018395E-002   5.5788001880507386E-002   5.9236818623682207E-002   6.0429258520888054E-002   5.9228273611818698E-002   5.5849962345390435E-002   5.0721402905091924E-002   4.4647314827601148E-002   3.9059951352221824E-002   3.6269860225785974E-002   3.7822851633592926E-002   4.3181828045440455E-002   5.1037820011813957E-002   5.9884894645676749E-002   6.8453004732577510E-002   7.5825363645600621E-002   8.1423158294100365E-002   8.4906195819451372E-002   8.6063866193210922E-002   8.4724075289825285E-002   8.0780600034714906E-002   7.4192226358776425E-002   6.5261129389049016E-002   5.4433320862622946E-002   4.2423218504862775E-002   3.0545698151945931E-002   2.0933548914137227E-002   1.4966752497389425E-002   1.2173459245106823E-002   1.1471943558608564E-002   1.1614204849519942E-002   1.1505606874485062E-002   1.0296346273704045E-002   7.4079394236139127E-003   2.5033740229036825E-003  -4.6025206877473518E-003  -1.3946031070810376E-002  -2.5446006802291705E-002  -3.8726477346028701E-002  -5.3436009764778893E-002  -6.9214913555644741E-002  -8.5227547186734032E-002  -9.9844815349665286E-002 -0.11200841711305286      -0.12201885197162217      -0.13036016820295399      -0.13757488154428649      -0.14421661963363555      -0.15081835874500094      -0.15778679521125638      -0.16534045837527214      -0.17354640346154659      -0.18230463198786792      -0.19139250404014196      -0.20033836643262412      -0.20904560724282653      -0.21795017720415916      -0.22736864892346717      -0.23668134567159996      -0.24560203293361685      -0.25426348025532813      -0.26202039085156453      -0.26818044999887203      -0.27257388761220336      -0.27541267720908147      -0.27696506313883767      -0.27737305363974796      -0.27663869262778901      -0.27464668290563948      -0.27112412210472253      -0.26564435598619940      -0.25755034023866291      -0.24637339819851289      -0.23390481799721527      -0.22237290820760669      -0.21348623840841249      -0.20901580717343293      -0.20897896723396070      -0.20958087452851670      -0.20809456163906523      -0.20388747530900550      -0.19701177833473896      -0.18761942331424852      -0.17566461917422849      -0.16103478594332485      -0.14344682484080520      -0.12251268461068585       -9.7593947803197259E-002  -6.8205440238839871E-002  -3.2369566103230024E-002   1.0144420161817603E-003   2.6374252557146295E-002   3.1512715772653979E-002   2.2038126812763653E-002   1.0575594121415437E-002   1.1032430426844166E-003  -6.8375276742145621E-003  -1.3557960063297337E-002  -1.9173017992144544E-002  -2.3437409513822720E-002  -2.6218260212186765E-002  -2.7473639635585929E-002  -2.6540444816406401E-002  -2.3490731956157831E-002  -1.8514171145300490E-002  -1.4854299718438862E-002   3.0586874503750489E-002   1.8955496069105279E-002   2.4460414234743263E-003   2.9467672926070973E-005   2.8067954614220718E-004   1.0561012341471371E-003   3.8936866565633172E-004   1.3516375592764765E-004  -1.3378310685374385E-004  -1.8387471521847938E-004  -2.9091287870442102E-004  -4.6362312821726529E-004  -6.7321035475218947E-004  -1.8494498477961631E-003  -1.5281142357324697E-003   7.1778328162838180E-004   1.0991512112614645E-002   2.3916136053652011E-002   2.4051761444768179E-002   2.0877830823231830E-002   1.3643585027613026E-002   1.3536911096577934E-002   1.3187757628783651E-002   1.3525875142544528E-002   1.3818864699858904E-002   1.5002849402910842E-002   1.6600451157653261E-002   1.9421112068506701E-002   2.3036878367630634E-002   3.1842135931479866E-002   3.9783090859492519E-002   6.7716710829330881E-002  0.10179544857432252       0.11008038303445269        9.0580616003306025E-002   8.4576701589746422E-002   8.5377562538372018E-002   9.2091874541577232E-002  0.10408475952970704       0.12103115945979261       0.14230303674932723       0.17737909011974079       0.22330363993117625       0.29801378996158745       0.33692360672803212       0.18313071950047571       -8.1712414612507472E-014
   3.3523240627460352E-006  -5.4742826634964534E-002 -0.13058315989081193      -0.19843174958729193      -0.25858187492487211      -0.31142648561207331      -0.35739192501359429      -0.39698226594210123      -0.43075448629252566      -0.45931585832653427      -0.48330742780174979      -0.50338694592569921      -0.52021333021522398      -0.53442292795532031      -0.54661554478225827      -0.55733454945286021      -0.56704991558786821      -0.57613414888985492      -0.58487225350061722      -0.59340900624457238      -0.60177066658792167      -0.60984869064471758      -0.61741740566504211      -0.62410343127465484      -0.62939605250935471      -0.63282122602380186      -0.63375870728157191      -0.63167580886335239      -0.62597852294768586      -0.61645290564600286      -0.60335524799365026      -0.58566132620532962      -0.56271069292949449      -0.53345285751807392      -0.49627489020426468      -0.45178548217717984      -0.40352043775932323      -0.33753931863369552      -0.24576858489910094      -0.16006597116598048      -0.10857802873912384       -2.8019685401544547E-002 -0.11008691187905081      -0.13800230373179756      -0.15934453111358202      -0.17537474545743392      -0.17637953057121117      -0.17065800376123294      -0.16135989079733154      -0.14499630394856219      -0.12399882461137325      -0.10088428142218331       -7.4018094605874468E-002  -4.8600806756128989E-002  -2.8690960175175591E-002  -1.7115176485284381E-002  -1.4889764770739224E-002  -1.8840056168357565E-002  -2.6993730449656233E-002  -3.4519624269808924E-002  -3.8228186231176645E-002  -3.8349119345488757E-002  -3.6353240301337179E-002  -3.3666570902389399E-002  -3.1219954307041140E-002  -2.9363709849675634E-002  -2.8075072508345903E-002  -2.7210226022769089E-002  -2.6774427364656184E-002  -2.6985663127721458E-002  -2.8261656220803625E-002  -3.0797396959294045E-002  -3.4589331598870399E-002  -3.9149039038491401E-002  -4.3147433555869356E-002  -4.4347729046729900E-002  -4.1438007647146856E-002  -3.5213332469554583E-002  -2.7130063748384697E-002  -1.8644854943972246E-002  -1.0766787021724044E-002  -4.0170992504493658E-003   1.4338950040659250E-003   5.5678241789045620E-003   8.3153959487060128E-003   9.5212381963491900E-003   8.9561381967672247E-003   6.6903585370983367E-003   2.9992386372069721E-003  -1.4280822941837906E-003  -5.2293687592612284E-003  -6.1502624422669870E-003  -2.7204330555844706E-003   4.4395126179366459E-003   1.3972396203427757E-002   2.4400843010364420E-002   3.4571675120737062E-002   4.3748747779354565E-002   5.1551743199227319E-002   5.7808305607949383E-002   6.2406762399111491E-002   6.5184264880294260E-002   6.5955525203114165E-002   6.4541887924037422E-002   6.1109344661928314E-002   5.6041849826908845E-002   5.0105417416316925E-002   4.4746331637515901E-002   4.2212934510256366E-002   4.3894839744254822E-002   4.9183552572827346E-002   5.6755770686072043E-002   6.5122620254382410E-002   7.3037781969176749E-002   7.9602161433551741E-002   8.4245479518094135E-002   8.6636654903410909E-002   8.6551304909236071E-002   8.3854816044010155E-002   7.8492033527921945E-002   7.0752521312065914E-002   6.1080514495432801E-002   5.0185384822959103E-002   3.9391386956476905E-002   3.0762774249843843E-002   2.5567215704884939E-002   2.3331241046146072E-002   2.3030462816060259E-002   2.3500440189113785E-002   2.3726857566657430E-002   2.2920470551579416E-002   2.0543612146894801E-002   1.6284705646294143E-002   9.9724020201728217E-003   1.5712472502696078E-003  -8.8538361601896154E-003  -2.0973830298542481E-002  -3.4505566450894171E-002  -4.9149008246341122E-002  -6.4095556056378677E-002  -7.7728309295151538E-002  -8.9003976826629513E-002  -9.8231352024074528E-002 -0.10588643124811682      -0.11248517761951242      -0.11855932657819132      -0.12464279006367711      -0.13116418793478488      -0.13838448892588653      -0.14640785304992204      -0.15522442076199816      -0.16467503468054279      -0.17448331284807098      -0.18416527761077370      -0.19365202126729794      -0.20339486121388051      -0.21353067192294786      -0.22326042236800137      -0.23234390891313364      -0.24100511086219462      -0.24867786151315643      -0.25471891557498683      -0.25896985028525371      -0.26161577133587510      -0.26287296260410925      -0.26281824956348371      -0.26138802726679361      -0.25835195397401856      -0.25333940526239118      -0.24577921723452192      -0.23537841587528766      -0.22406946162758287      -0.21382757281073683      -0.20580699071099326      -0.20169366422472779      -0.20179883310855190      -0.20254943051137794      -0.20131311021444212      -0.19751517806397814      -0.19118652699625416      -0.18246818609615192      -0.17130524558445689      -0.15758317438131830      -0.14100724684846938      -0.12116553714402267       -9.7418945432168905E-002  -6.9352277532181150E-002  -3.5707613117228920E-002  -5.0908323428404956E-003   1.8690058711743399E-002   2.3561450434883169E-002   1.4155309276478038E-002   3.0032700490375125E-003  -6.1811488576916200E-003  -1.3945442143500289E-002  -2.0511167222920429E-002  -2.6078232400657014E-002  -3.0319706947679940E-002  -3.3240664312001102E-002  -3.4619757302981551E-002  -3.4552966951232111E-002  -3.2213729177277953E-002  -2.7693636768903213E-002  -2.1170995247516484E-002  -1.6225198448262139E-002   3.2878295443171043E-002   2.0849784675474953E-002   3.2230944453711836E-003   7.8762470703736247E-004   1.0562960984419655E-003   1.9888366097703890E-003   1.3709981896007778E-003   1.2008225093026906E-003   1.1106518937138716E-003   1.0843635148623262E-003   1.0925933034740486E-003  -2.8526110325292735E-004   1.0884865908671383E-003   4.2578497506819890E-003   2.3517315831770112E-002   5.0697495504016490E-002   5.1335519750765224E-002   4.4963470936681682E-002   3.6805458389739663E-002   3.9426722194418930E-002   4.3446314215305329E-002   4.9656101442939637E-002   5.9186301589326321E-002   6.9478255837138903E-002   8.6583717734977764E-002  0.10340954395279976       0.19468914409806126       0.25671492426772785       0.26287480342340819        7.1054273576093401E-015
  -3.2990858860989721E-005  -6.1220386316994377E-002 -0.14575396927597087      -0.22102345751066452      -0.28730596406934600      -0.34501859379396516      -0.39463670647253862      -0.43672920101771029      -0.47192930358276292      -0.50092816161197862      -0.52445283416833466      -0.54324661751088010      -0.55804937408469313      -0.56957539215858988      -0.57849948898619619      -0.58542940318328607      -0.59089443075586501      -0.59533580235562755      -0.59907436533984870      -0.60228626989504619      -0.60505714292835910      -0.60729501032306277      -0.60877462269148241      -0.60915848571811571      -0.60801901489682519      -0.60477153589518395      -0.59859039585153795      -0.58916280800952325      -0.57561370971923853      -0.55801684777597405      -0.53587138110857890      -0.51108358969730383      -0.48233983423383636      -0.44631418782776722      -0.39792978386006955      -0.34512125873946808      -0.28489500572159793      -0.22308766986996190      -0.10926489675183115       -3.8933424647979935E-002  -8.7719844750826972E-003  -4.1438235101484748E-002  -6.1269579124454972E-002  -8.1126569626040118E-002  -8.7511634655232373E-002  -8.6522180097239040E-002  -7.6560546148939729E-002  -6.1453884955933125E-002  -4.5178136285761658E-002  -2.5345049372675194E-002  -4.3667363571798746E-003   1.5693283699749868E-002   3.7379985128899569E-002   5.6523057414122044E-002   7.0078939227122036E-002   7.6037679717958245E-002   7.3850347867941465E-002   6.6762872576624832E-002   5.6490497157465569E-002   4.7437783086095364E-002   4.2357974306671757E-002   4.0697679511082607E-002   4.0846460531473366E-002   4.1422134511195287E-002   4.1659098866238177E-002   4.1412749288268005E-002   4.0889580955815671E-002   4.0361183426340062E-002   3.9879207403100407E-002   3.9204468311761796E-002   3.7815240550668656E-002   3.5330608552325588E-002   3.1501381406289705E-002   2.6534549278576250E-002   2.1497575440409027E-002   1.8420789498581412E-002   1.8491973327038565E-002   2.0912248166840810E-002   2.4365615799353015E-002   2.7660658309463883E-002   3.0121439057992257E-002   3.1560541451676742E-002   3.2088866760317934E-002   3.1884411540608712E-002   3.0974159627262781E-002   2.9195918437911930E-002   2.6218051619948602E-002   2.1931918643623826E-002   1.6388868131460406E-002   1.0050109333412995E-002   4.0778474968982915E-003   5.6099284952894335E-004   8.4356243762843800E-004   4.2516278944655771E-003   9.4840825936134514E-003   1.5234519047537712E-002   2.0604962657092305E-002   2.5148301579641586E-002   2.8757315003340011E-002   3.1477969216506266E-002   3.3336081226116115E-002   3.4212510543947632E-002   3.3873843386766057E-002   3.2019697841215632E-002   2.8654477870851309E-002   2.4002356490113601E-002   1.8707202031642809E-002   1.4137801668564031E-002   1.2482061453747865E-002   1.5058844213970494E-002   2.1189908835672060E-002   2.9518839216373303E-002   3.8593341770359009E-002   4.7279212918821832E-002   5.4837536563520806E-002   6.0859837212742178E-002   6.5132819329513245E-002   6.7475257726458487E-002   6.7713738473080737E-002   6.5695942203632701E-002   6.1610901471529610E-002   5.5865898727068208E-002   4.9229041153966091E-002   4.3142996335478537E-002   3.9767750850411392E-002   4.0373785702855602E-002   4.4363726779117520E-002   5.0494153436664482E-002   5.7380508129849128E-002   6.3869344335226466E-002   6.9125735849323841E-002   7.2618085942880162E-002   7.4037368964613798E-002   7.3172180760277927E-002   6.9892799445927134E-002   6.4138650492192847E-002   5.6169810853425720E-002   4.6378496368148170E-002   3.5409106265295795E-002   2.4516310090878173E-002   1.5697091155163864E-002   1.0186785642126123E-002   7.5339680688403920E-003   6.7721750172378666E-003   6.8111399861234372E-003   6.6968641479183254E-003   5.6678671709842667E-003   3.1889174296382888E-003  -1.0700926871225161E-003  -7.2939151117731218E-003  -1.5589727582045503E-002  -2.5957997004975957E-002  -3.8306976138562411E-002  -5.2302050578337186E-002  -6.7661103573719072E-002  -8.4075479221016408E-002 -0.10062289870441785      -0.11564737817310346      -0.12822600106046222      -0.13874425193313258      -0.14772717991775511      -0.15571004950351103      -0.16321157413732676      -0.17072659883109506      -0.17863090764270892      -0.18712153485765901      -0.19624984973457762      -0.20590821346357249      -0.21588158014864373      -0.22577677704186791      -0.23563353566068249      -0.24596228635887940      -0.25682339206899535      -0.26727240702972083      -0.27703029004978236      -0.28639300807657203      -0.29485587587467316      -0.30179555002769254      -0.30704649000426254      -0.31077326707404102      -0.31317207485351856      -0.31430496698804106      -0.31409619855096738      -0.31230199566506783      -0.30854359108556495      -0.30228066068430243      -0.29336832386957973      -0.28390794685237608      -0.27564021628776703      -0.26917980909323797      -0.26613436877169161      -0.26707271335759303      -0.26858449426894682      -0.26810416142087706      -0.26512708238111915      -0.25968242886077547      -0.25193215058197632      -0.24182775447839661      -0.22927099883078569      -0.21406322611620282      -0.19586451031525362      -0.17413293808953145      -0.14812288616086977      -0.11733583642389199       -8.0701523536999831E-002  -4.7239991394313598E-002  -2.0230087139019481E-002  -1.2470367694575416E-002  -1.9475441704093956E-002  -2.8017209661703384E-002  -3.4286115249422870E-002  -3.8909001303162868E-002  -4.2074711732143340E-002  -4.4048140013067838E-002  -4.4419853246945293E-002  -4.3263642122770792E-002  -3.9488587244671317E-002  -3.3639448935519393E-002  -2.6375168487693893E-002  -2.3000391453065795E-002   4.7615416625529913E-002   3.0797117722561145E-002   8.5051031653143854E-003   5.3638065588056004E-003   6.6864208001597737E-003   9.0176761643657715E-003   9.5083887661495479E-003   1.3324438054680282E-002   1.3136700796729133E-002   1.5881125096502934E-002   5.3152795912037986E-004   6.1426702584729327E-002   6.2179296321970605E-002  0.25319030746676652        6.7501559897288681E-014
  -5.5018735720607613E-005  -6.7520381336532195E-002 -0.16048716161611551      -0.24284521775949008      -0.31486045374941796      -0.37697033889353759      -0.42969936600423625      -0.47368859179769374      -0.50966004146915744      -0.53840706507713920      -0.56076431819738670      -0.57758541141484132      -0.58971852453997564      -0.59797799688032816      -0.60313358136653672      -0.60587793472926188      -0.60682385571580533      -0.60646996124314045      -0.60519220400263785      -0.60326233659109330      -0.60076343903093787      -0.59755077529198464      -0.59345178923064146      -0.58806824793452528      -0.58089042705394900      -0.57125607272198109      -0.55850308419310779      -0.54178482560857644      -0.52003956302464149      -0.49401761256148247      -0.46210641236853917      -0.42762855736038541      -0.38996006669220012      -0.35148816001394623      -0.29675266282977075      -0.21712356170300584      -0.14246233538894004       -9.6645666356061782E-002  -2.8740587912649929E-002 -0.10266615407570695      -0.12112071544671206      -0.13179552255563295      -0.13950775631780837      -0.13887122498763091      -0.13100304252836101      -0.11826291309154106       -9.9572445735845019E-002  -7.9175179672207691E-002  -6.0595477507864051E-002  -4.1373476886038207E-002  -2.3667085556232155E-002  -8.9024910865853433E-003   6.3881440277185437E-003   1.9070691602703797E-002   2.7053658163137144E-002   2.9017820672446216E-002   2.4712983182635810E-002   1.7265660568245113E-002   7.9465883945081094E-003   5.7494796570596964E-004  -2.6421145927333933E-003  -2.6400952285599425E-003  -1.1908547730536021E-003   3.6013693904513380E-004   1.4023492270783357E-003   1.9778233830616701E-003   2.4550860618287522E-003   3.2219415013115312E-003   4.3972046411194137E-003   5.7571244958730403E-003   6.7339535954819884E-003   6.8269300510203869E-003   5.5925301729747856E-003   2.9952624282486903E-003  -1.4110248043249738E-004  -1.9878785931149914E-003  -1.4785508534677038E-003   5.8867728838406014E-004   3.0392235127949985E-003   4.9350779875616639E-003   5.9020474634836019E-003   6.0372210620911141E-003   5.6756747964794314E-003   5.1409232538045333E-003   4.5225606033781965E-003   3.6378835242272482E-003   2.0518836948898089E-003  -5.2578888909797917E-004  -4.2867973443080033E-003  -9.0388794707530386E-003  -1.3874138550106472E-002  -1.6917454247317745E-002  -1.6973746477807659E-002  -1.4759744870229243E-002  -1.1483915475475113E-002  -8.2379732359033446E-003  -5.6336358624671035E-003  -3.8206454681150165E-003  -2.6444979346148543E-003  -1.8603711771340780E-003  -1.3198107531459270E-003  -1.1009316205503321E-003  -1.4773996778072807E-003  -2.8651534299799566E-003  -5.4368785031423733E-003  -9.1824069907152344E-003  -1.3673359115209519E-002  -1.7727535547612795E-002  -1.9305789375790691E-002  -1.7193018453176688E-002  -1.2095495371286997E-002  -5.2916854908112996E-003   1.9502349540812269E-003   8.7526837211111489E-003   1.4653648390485784E-002   1.9491007252600064E-002   2.3229512211902562E-002   2.5776320495817562E-002   2.6952538697953207E-002   2.6520407134150405E-002   2.4534757636423762E-002   2.1260261009131438E-002   1.7348631929561643E-002   1.4161231503135981E-002   1.3791096638067183E-002   1.7436594925245279E-002   2.4434318030556148E-002   3.3511412981670284E-002   4.3318829870997090E-002   5.2807993968239465E-002   6.1292221064444853E-002   6.8388269568527157E-002   7.3893721239567778E-002   7.7634807624272356E-002   7.9445294298886485E-002   7.9177933538661427E-002   7.7008527636136540E-002   7.3307638929365315E-002   6.8782482496075728E-002   6.4794639757235262E-002   6.3421090545340758E-002   6.5898821623548640E-002   7.1670391534356739E-002   7.9578276339564408E-002   8.8341227770581260E-002   9.6893197327360722E-002  0.10445342277405412       0.11052177177275677       0.11480394672225358       0.11710995486182159       0.11726445639040446       0.11513786327758961       0.11066594651322272       0.10409697570314751        9.5816845493000985E-002   8.6465769903243672E-002   7.7368346996766937E-002   7.0498554728754617E-002   6.6934226291483587E-002   6.6147145753188613E-002   6.7136945312670449E-002   6.8809487562865992E-002   7.0231784630874705E-002   7.0677430325682647E-002   6.9647799351997247E-002   6.6851064810203323E-002   6.2124509784935118E-002   5.5429951345050313E-002   4.6816814764365507E-002   3.6558724985168961E-002   2.4869197199617256E-002   1.2008196233989075E-002  -1.1161082435800313E-003  -1.2841879101846492E-002  -2.2240351822019638E-002  -2.9690432073889422E-002  -3.5695423395080354E-002  -4.0748658128267681E-002  -4.5324830524541559E-002  -4.9883193565936797E-002  -5.4776110043313543E-002  -6.0186154311719940E-002  -6.6154384951119222E-002  -7.2566942586155245E-002  -7.9214107889948759E-002  -8.5748369486560977E-002  -9.2293102348688122E-002  -9.9415974554821387E-002 -0.10707981999730173      -0.11418636924234452      -0.12044584704870441      -0.12623521582593950      -0.13111703353824250      -0.13450227243508570      -0.13624682344315461      -0.13653664862286174      -0.13559377143459428      -0.13351191841305898      -0.13024865063717647      -0.12564312090870244      -0.11936854026237673      -0.11094638331835228       -9.9740537827097714E-002  -8.5585976318582446E-002  -7.0711437442405892E-002  -5.6730332562574419E-002  -4.3920491125502108E-002  -3.3867601646525136E-002  -2.7283161488505316E-002  -2.0592024349066037E-002  -1.1050969671411308E-002   1.9607087229349539E-003   1.8574517372057262E-002   3.8824884839758066E-002   6.3003858543460675E-002   9.1655933459825270E-002  0.12552482016262215       0.16565203130277498       0.21289736884898003       0.27092098777819978       0.32724360196663038       0.37252126753625697       0.38874429166337288       0.38366756286231951       0.37462146470725338       0.36649426619379999       0.35746247406768994       0.34505699633403331       0.32960108506447178       0.31089626527294878       0.28912831510860737       0.22017773003225674        7.6562410281275722E-002 -0.23486519091222358        6.2989613525204702E-012
  -3.7683240855335071E-005  -7.3612936842946244E-002 -0.17476969041458759      -0.26388505327491568      -0.34125332245635420      -0.40734432001986248      -0.46274536306538838      -0.50818615669442269      -0.54449144371635949      -0.57256728150461345      -0.59335953576178579      -0.60782917161075434      -0.61692378037127882      -0.62154981051289937      -0.62256422590994520      -0.62072726100365605      -0.61673146918691979      -0.61113510355561140      -0.60438827083942215      -0.59676426337539590      -0.58837157575379195      -0.57920729908922364      -0.56901827530529758      -0.55723576142673215      -0.54369104924108591      -0.52758526061890632      -0.50837857908964557      -0.48450000682794336      -0.45567935474191201      -0.42055724376131193      -0.37790370729550782      -0.33396330960026172      -0.29086889683063655      -0.24540173283309144      -0.19470803444808024       -9.7070417698336575E-002  -3.4706018155939572E-002  -1.1740037301632179E-002  -4.5124833094155790E-002  -6.5894324037812965E-002  -8.5425363309991398E-002  -8.8859614901793796E-002  -8.3755501121974427E-002  -7.2077142227777571E-002  -5.5335277655130445E-002  -3.7395416593057916E-002  -1.6745432032608705E-002   2.6766687661742834E-003   1.7732592161061742E-002   3.1353385600070532E-002   4.1871209576257923E-002   4.8498313148667586E-002   5.5508518332609655E-002   6.0616397980312452E-002   6.2471799401851560E-002   6.0230601711364774E-002   5.3745591749364253E-002   4.5862098017460655E-002   3.7292485294940197E-002   3.1210224796450383E-002   2.9265914741254818E-002   3.0168304510318204E-002   3.2025012277744312E-002   3.3559642801760346E-002   3.4326843733249825E-002   3.4543363819459209E-002   3.4717647009519542E-002   3.5338189018883734E-002   3.6596504878119149E-002   3.8318050140447035E-002   3.9948931745809768E-002   4.0944281377033723E-002   4.0743200079194249E-002   3.9132853249947447E-002   3.6739293970811236E-002   3.5216494823773745E-002   3.5520743552558263E-002   3.6851231028159036E-002   3.8153582379791884E-002   3.8699791197455473E-002   3.8352342151237430E-002   3.7414602078365292E-002   3.6369266039572343E-002   3.5626565642216987E-002   3.5309272122828972E-002   3.5217289486791752E-002   3.4841566886524712E-002   3.3752176317851469E-002   3.1554125962901615E-002   2.8197759914864409E-002   2.4349433195927278E-002   2.1675641824324233E-002   2.1228010178608165E-002   2.2255808593371361E-002   2.3649119247818907E-002   2.4523228610405512E-002   2.4523375668889642E-002   2.3746882641080585E-002   2.2548457103657236E-002   2.1313739548021054E-002   2.0272868638096547E-002   1.9372346912097972E-002   1.8304861492918514E-002   1.6557756561068608E-002   1.3795969033122682E-002   9.8114218905231369E-003   4.7893112485926171E-003  -3.1722627293931892E-004  -3.6568018024500360E-003  -4.1360026799487975E-003  -2.4765370683923196E-003   1.5914483773909750E-004   2.7338484942863463E-003   4.6641074736998717E-003   5.7835794317559665E-003   6.1788605491580944E-003   5.9880625231325552E-003   5.2036326216538089E-003   3.6410276742059504E-003   9.7065120551756401E-004  -2.9160510228750007E-003  -7.9625893693690778E-003  -1.3732190468890952E-002  -1.9053025946682352E-002  -2.1984700572595373E-002  -2.1436284133373250E-002  -1.8103490052300619E-002  -1.3189578290248423E-002  -7.8737711851173224E-003  -2.9674287922918370E-003   1.0977862880489594E-003   4.1639040351745026E-003   6.1895705068136702E-003   7.0792842337085177E-003   6.6596447546545291E-003   4.7044456586492131E-003   1.2676760051539022E-003  -3.4092614402264397E-003  -8.7265707513057723E-003  -1.3402873231502551E-002  -1.5431347265698394E-002  -1.3648421699795455E-002  -8.6733067256058831E-003  -1.6854471795466446E-003   6.0776319508572653E-003   1.3664042312147172E-002   2.0454765303519848E-002   2.6119437890135985E-002   3.0501128380895567E-002   3.3484413790483260E-002   3.4890794402113269E-002   3.4514589618123627E-002   3.2173337005586680E-002   2.8010427012279477E-002   2.2377182107480083E-002   1.5963013841133297E-002   1.0177592053952179E-002   7.0495685389416699E-003   7.6432147925247582E-003   1.1325705487652129E-002   1.6915543160721559E-002   2.3135495264730039E-002   2.8938725037411940E-002   3.3563908995319497E-002   3.6517599399234761E-002   3.7503212945342708E-002   3.6309307861074488E-002   3.2797799848605300E-002   2.6896401543753969E-002   1.8828783457104016E-002   8.9425912479250448E-003  -2.1657451675442516E-003  -1.3222127849581041E-002  -2.2299638862621703E-002  -2.8333666698145500E-002  -3.1821703950510163E-002  -3.3704175426115653E-002  -3.5001665964715600E-002  -3.6584339136564573E-002  -3.9137542158830640E-002  -4.3139411035901555E-002  -4.8874178146422809E-002  -5.6502134420699145E-002  -6.6063351381463145E-002  -7.7519619765179418E-002  -9.0634008616880299E-002 -0.10524693076498737      -0.12114202914781726      -0.13739641477418110      -0.15233809140202229      -0.16508060680463671      -0.17603658615606002      -0.18572586222669951      -0.19464071705323413      -0.20325584503136870      -0.21204840315702833      -0.22140216274621058      -0.23154432745433912      -0.24255670829650455      -0.25441788558790390      -0.26696715934691284      -0.27995338214850912      -0.29299967090278306      -0.30624853720973150      -0.32028236355307182      -0.33490639526576194      -0.34875064548426254      -0.36144724057743366      -0.37343971228978545      -0.38429371838112308      -0.39335619970763103      -0.40036679722383839      -0.40535171167678169      -0.40832001348725855      -0.40908979728221118      -0.40719140758803285      -0.40193182931730986      -0.39227063825621283      -0.37743685646629932      -0.35969379534333179      -0.34139675441847572      -0.32378824838839204      -0.30898256794756451      -0.29744451995391580      -0.28409867351216844      -0.26517932908936204      -0.23989532863636409      -0.20785648360601974      -0.16890004631356997      -0.12242583546144455       -7.5006319179876851E-002  -3.4288807236833065E-002  -1.8169934185169389E-002   2.8525588901367117E-002   6.0964566728282237E-012
  -3.9174318253910389E-005  -7.9614790160187437E-002 -0.18866509526009961      -0.28419071735757223      -0.36646468696031892      -0.43598239318837329      -0.49340978093707882      -0.53957645120794651      -0.57543100053175811      -0.60201765299075261      -0.62042346609869758      -0.63175305178720953      -0.63708265025477084      -0.63744302565827082      -0.63377645480586797      -0.62695422329221884      -0.61776895924113628      -0.60681332257090526      -0.59462758271899008      -0.58154912138299930      -0.56779460025226947      -0.55327067517356854      -0.53763950763556945      -0.52039621476456777      -0.50087082075974887      -0.47816299399840784      -0.45320284123609317      -0.42302775952204830      -0.38741628493043140      -0.34240897511798851      -0.29197020725521927      -0.23670919338615803      -0.17707424341711900      -0.12200973761542470       -8.4437190092529743E-002  -2.6703477151488238E-002  -9.5501631599965178E-002 -0.11632015166151854      -0.12994694902482470      -0.14002730508312966      -0.14279899325885514      -0.13527167179186103      -0.12034225065669389      -0.10077718944966411       -7.9155253519006430E-002  -5.9374881577699906E-002  -3.9600984304931461E-002  -2.3178216179703361E-002  -1.2669082512496986E-002  -4.6111845971097956E-003  -1.9125198575794795E-004   3.0274436886645661E-004   1.7115044394866430E-003   2.3185154429202818E-003   1.2390442176836429E-003  -2.1298605553714258E-003  -8.0050900439366524E-003  -1.3921610570758049E-002  -1.9754238971247756E-002  -2.2942414736196435E-002  -2.2315883773833766E-002  -1.9427369219233149E-002  -1.6204144215134910E-002  -1.3797476993300077E-002  -1.2469464676129390E-002  -1.1842796335844770E-002  -1.1299737574725412E-002  -1.0279333317281626E-002  -8.5274926638753516E-003  -6.1528958075064586E-003  -3.6518587287509437E-003  -1.5499726166672886E-003  -4.5464412140968887E-004  -6.9067319322182812E-004  -1.7787216966671507E-003  -2.2062567800997484E-003  -1.1117170083654961E-003   6.9724504900856553E-004   2.2593070901063524E-003   3.0049342662850044E-003   2.9616254166591163E-003   2.5584904019897705E-003   2.3523433512267580E-003   2.7894897281676000E-003   4.0091331885667558E-003   5.8141741821184064E-003   7.6737914578180813E-003   9.0905052328233184E-003   9.5429158637868779E-003   8.8082720092035865E-003   7.3656278701207433E-003   6.7125064549968189E-003   7.7849360364328733E-003   9.8128006151739691E-003   1.1780746427184142E-002   1.2982865249713722E-002   1.3268074683773907E-002   1.2909236518163135E-002   1.2384963464822625E-002   1.2156561808582147E-002   1.2495263396990874E-002   1.3363337624812299E-002   1.4441726021600756E-002   1.5164750753268532E-002   1.5085995094572735E-002   1.3822895860883625E-002   1.1344419650118915E-002   8.3847089538406014E-003   6.6080386176569413E-003   6.9865733085648710E-003   8.7855319005768935E-003   1.0958100691545552E-002   1.2686845883116684E-002   1.3654760191757060E-002   1.3948730991115521E-002   1.3855983535657677E-002   1.3646638861441202E-002   1.3373375959868464E-002   1.2839019547549315E-002   1.1625766627881900E-002   9.4623048273103881E-003   6.1823868331178887E-003   1.9745877204734689E-003  -2.2217870969207837E-003  -4.6553616549717246E-003  -4.3569239446530940E-003  -2.0409480904891282E-003   1.1952654663610097E-003   4.3866228870167966E-003   6.9949311183184378E-003   8.8625292369125860E-003   1.0060666402510809E-002   1.0706418338048853E-002   1.0781105779002154E-002   1.0104579281644703E-002   8.3646688059086684E-003   5.4630474949877335E-003   1.4461849951791850E-003  -3.2899884131458376E-003  -7.6475954690380342E-003  -9.7709292056441070E-003  -8.6044928076160817E-003  -4.8032004732061441E-003   5.1620986963485925E-004   6.2767218504577744E-003   1.1755606754710057E-002   1.6587241344961420E-002   2.0676071574439417E-002   2.4049321849997685E-002   2.6705187944645183E-002   2.8499582447072951E-002   2.9185090352383161E-002   2.8477375126876779E-002   2.6386001042716687E-002   2.3128771609331768E-002   1.9286185720788149E-002   1.6186670107338704E-002   1.5789852505874700E-002   1.9094612219427293E-002   2.5420886231800673E-002   3.3580844615763591E-002   4.2350582863731973E-002   5.0795744377597478E-002   5.8300705858739497E-002   6.4511079209566946E-002   6.9225772920805784E-002   7.2262920713817042E-002   7.3446748605840065E-002   7.2626136900607416E-002   6.9956083770231575E-002   6.5776817447079694E-002   6.0743814065772540E-002   5.6206351239096460E-002   5.4128870858692203E-002   5.5556588243015494E-002   5.9896258356696194E-002   6.6040611507966834E-002   7.2796716207322254E-002   7.9184246080178988E-002   8.4479939906855747E-002   8.8203772983626375E-002   9.0058792132805057E-002   8.9829759965561362E-002   8.7374252478088929E-002   8.2612941706116910E-002   7.5746165306352295E-002   6.7085499268992835E-002   5.7185664678702640E-002   4.7301645601137414E-002   3.9320760325974952E-002   3.4248143143509518E-002   3.1575271527062639E-002   3.0380962721492724E-002   2.9677957781005872E-002   2.8622003178611622E-002   2.6528750831983219E-002   2.2903612790661308E-002   1.7430201467867581E-002   9.9172056239925296E-003   2.3187466619446729E-004  -1.1670855152414608E-002  -2.5775672005519078E-002  -4.1878233960845959E-002  -5.9871019145191995E-002  -7.9563715294110549E-002  -9.9923826256848661E-002 -0.11910005158416176      -0.13617405483135953      -0.15166255983466415      -0.16618358917782713      -0.18028197104007623      -0.19441971018724974      -0.20902086650935839      -0.22437708041169571      -0.24059078768628217      -0.25750004534776744      -0.27477854778894750      -0.29178233761751787      -0.30842573737316353      -0.32513843480169652      -0.34152002642429324      -0.35547196653899621      -0.36600548592857296      -0.37334058711676055      -0.37648316694602479      -0.37405581154951317      -0.36506272088343739      -0.34850625431719073      -0.32329887186650219      -0.28810559157357474      -0.24325675237232949      -0.18772446852363039      -0.12089948265651718       -4.6704934743643463E-002  -2.2595258997195068E-012
  -3.9242096623694642E-005  -8.5444210209827412E-002 -0.20212190616305342      -0.30368025482338501      -0.39039761875317414      -0.46282968036018257      -0.52173890342296791      -0.56808588369783330      -0.60297454994490496      -0.62760199005411776      -0.64320686343076749      -0.65103357984979371      -0.65226096696668578      -0.64803430973899978      -0.63937850019382647      -0.62726086406022363      -0.61244225587670442      -0.59570314601609275      -0.57769171677495801      -0.55863674262138796      -0.53874317212490097      -0.51811329390297656      -0.49646320220176299      -0.47322152312813348      -0.44725717530798936      -0.41840887468132637      -0.38515275823005579      -0.34798010013424252      -0.31054034115740653      -0.26069608008326134      -0.19141338826956553      -0.12500140850259897       -7.5680391048723497E-002  -3.1915025114869947E-002  -8.9659277731460752E-003  -3.8833761349416233E-002  -5.8929085899273800E-002  -7.8424422929611534E-002  -8.3184238108787251E-002  -7.9813362185195164E-002  -7.1357778358038942E-002  -5.4973441190091954E-002  -3.4600074992368279E-002  -1.2566476472878851E-002   8.7269056346410065E-003   2.5779342337110610E-002   4.1083369022887867E-002   5.1977429803096907E-002   5.6499135660997978E-002   5.8570398915413331E-002   5.7323972204012787E-002   5.2735231820203662E-002   4.9922446391344952E-002   4.7440716087403162E-002   4.4610843648938796E-002   4.0877856063416602E-002   3.5847749062062312E-002   3.1582493632837799E-002   2.7671730038212612E-002   2.6168054320716734E-002   2.7892423218380581E-002   3.1159873746015306E-002   3.4110028953683515E-002   3.5774340916092169E-002   3.6084535744774555E-002   3.5552269566869923E-002   3.4859478299695178E-002   3.4594472119592989E-002   3.5043634323499814E-002   3.6157138905557488E-002   3.7514040848051045E-002   3.8645951878093367E-002   3.8947753012639190E-002   3.8031867081165759E-002   3.6271701611446994E-002   3.5066024248138990E-002   3.5193686273337417E-002   3.5834361579488910E-002   3.6092842896859691E-002   3.5509137351908408E-002   3.4209500111784683E-002   3.2676033390742369E-002   3.1474777092601484E-002   3.1044731477238695E-002   3.1528975283804973E-002   3.2754599219410589E-002   3.4220031229252393E-002   3.5431488870441959E-002   3.5819831622524632E-002   3.5063387267581812E-002   3.3515372076610470E-002   3.2550158501675586E-002   3.3017431731186077E-002   3.4138820458432112E-002   3.4982269457087004E-002   3.4983937651638791E-002   3.4136358763778164E-002   3.2813605784070908E-002   3.1543611294089925E-002   3.0803373449296231E-002   3.0871655474085689E-002   3.1725566936142438E-002   3.3065613283254726E-002   3.4329708745197356E-002   3.5030147299235911E-002   3.4679764584417516E-002   3.3090133170243417E-002   3.0818751259852565E-002   2.9369336225619828E-002   2.9606205973207150E-002   3.0782413935163205E-002   3.1951377109279894E-002   3.2479828770988303E-002   3.2262025209929025E-002   3.1570972146530596E-002   3.0828832446319211E-002   3.0387948963651917E-002   3.0337762694582653E-002   3.0473926504651347E-002   3.0318731938219004E-002   2.9476955279335221E-002   2.7595639823439381E-002   2.4639781966794169E-002   2.1328218985545627E-002   1.9228218058587227E-002   1.9191563936232416E-002   2.0491189824836567E-002   2.2139312814865534E-002   2.3378376215790121E-002   2.3921294077019602E-002   2.3848372466316679E-002   2.3418564584531128E-002   2.2871872749604557E-002   2.2245670541512892E-002   2.1348353690412492E-002   1.9785797016027659E-002   1.7307425603025232E-002   1.3750014466084273E-002   9.2741257816728387E-003   4.7541784354683545E-003   1.8603275555796257E-003   1.5234210771305102E-003   3.0602220950401793E-003   5.4434193634662984E-003   7.7887650591548334E-003   9.6250901699557259E-003   1.0844861483726547E-002   1.1577138994939637E-002   1.2018206233788428E-002   1.2270591211728457E-002   1.2226785432185501E-002   1.1607947615449967E-002   1.0033121955248192E-002   7.3597184586362881E-003   3.6179164492841065E-003  -8.0395698666379449E-004  -4.7466324632889972E-003  -6.3850667160847557E-003  -4.8090157604906399E-003  -7.1207954434370337E-004   4.8011631697696348E-003   1.0681179436693587E-002   1.6225937889808539E-002   2.1063224831703004E-002   2.5049798328362006E-002   2.8133708831675232E-002   3.0205785419717610E-002   3.1086163912415071E-002   3.0556274736226359E-002   2.8666290805885546E-002   2.5644132163968512E-002   2.2047408799213311E-002   1.9144598774513216E-002   1.8825888009158961E-002   2.2066996227525608E-002   2.8226949565987595E-002   3.6192036195006709E-002   4.4819856616893729E-002   5.3236141995991110E-002   6.0854328872447919E-002   6.7323980559290883E-002   7.2436147064263198E-002   7.6001905792313126E-002   7.7843802070307139E-002   7.7813237090096979E-002   7.6057577150378600E-002   7.2898049243994331E-002   6.8958030610577370E-002   6.5563930250134350E-002   6.4631679013366833E-002   6.7149833608727505E-002   7.2534682068363082E-002   7.9728328819241398E-002   8.7603401016650456E-002   9.5237517795567245E-002  0.10194124919376979       0.10725351568623896       0.11088296340274266       0.11261919794357463       0.11224802394927129       0.10958464867568052       0.10448578991391791        9.7082903585181582E-002   8.7607700704420241E-002   7.6558757302547936E-002   6.5247037020774404E-002   5.5669127370252453E-002   4.8804704731415072E-002   4.3993898605010247E-002   4.0153402079636920E-002   3.6157379392899230E-002   3.1067175376487847E-002   2.4116969029086045E-002   1.4733471193878562E-002   2.5122866521062317E-003  -1.2745643705352269E-002  -3.1128609679616129E-002  -5.2384357087542063E-002  -7.6337043327338247E-002 -0.10260668233687631      -0.12964901944558388      -0.15448669035908374      -0.17530330041921713      -0.19250025127211079      -0.20652215998008513      -0.21749041928652282      -0.22511921295428017      -0.22845794864918262      -0.22596368978789533      -0.21467193242984570      -0.19179917461915910      -0.15160867330061667       -9.6331714285155176E-002  -2.9374871945914611E-002   4.9382720135379570E-013
  -3.9131349618715863E-005  -9.1205198473615620E-002 -0.21529919279672263      -0.32252293334571325      -0.41317306993729436      -0.48786398002411507      -0.54747759669121554      -0.59313335380990440      -0.62611606052608360      -0.64782096146528945      -0.65967071157434742      -0.66308959042776616      -0.65943350190977990      -0.64996798901372466      -0.63580390083545746      -0.61797361182965804      -0.59734244037248374      -0.57484698780176857      -0.55089864610427919      -0.52625696048337356      -0.50121399215584816      -0.47535177666822259      -0.44810403978058594      -0.42028529234174089      -0.38913762201063828      -0.35410136353102778      -0.31198388298533852      -0.26849605692378825      -0.22104575507778407      -0.17235530515349337       -8.9233285604777043E-002  -3.2161363539359583E-002  -2.8657040036696512E-002  -8.9263225645579120E-002 -0.10794569533243470      -0.11923652860311817      -0.12754227709132213      -0.12956512332524966      -0.12196183428068751      -0.10755633100692064       -9.0299453867474497E-002  -6.8299531068524058E-002  -4.5467337016102179E-002  -2.3795814664244741E-002  -5.0433012013710856E-003   8.0288650954395170E-003   1.8689129671914072E-002   2.4950635499128879E-002   2.5341638441769728E-002   2.4068973329853804E-002   2.0361249634866348E-002   1.4197324276523085E-002   1.0702702685411927E-002   8.4576915012751011E-003   6.7958076377013692E-003   5.0953086890418017E-003   2.7552214747562074E-003   1.4843148881890430E-003   4.4718088331938599E-004   1.3334365178313573E-003   4.7663465310871390E-003   9.0599391514980133E-003   1.2510804345864617E-002   1.4372717978796931E-002   1.4764051279516388E-002   1.4290529204556288E-002   1.3642672603712202E-002   1.3381456138857798E-002   1.3783487231622061E-002   1.4834773664695291E-002   1.6187399582832787E-002   1.7445763287964634E-002   1.8034455415659675E-002   1.7534355778732604E-002   1.6241106600568427E-002   1.5460547685515412E-002   1.5899854644785986E-002   1.6723437773288118E-002   1.7082313734701527E-002   1.6588109104509374E-002   1.5414015518659958E-002   1.4038207060749396E-002   1.2984915499623715E-002   1.2650716198459224E-002   1.3170087335023955E-002   1.4406787956232564E-002   1.5923636625946435E-002   1.7281842146633773E-002   1.7922823487312896E-002   1.7481704036556543E-002   1.6232204256753466E-002   1.5459473002414969E-002   1.5947200383674764E-002   1.6912435470629098E-002   1.7489681836006934E-002   1.7218551884793248E-002   1.6178161844814843E-002   1.4777136189730061E-002   1.3528360557061813E-002   1.2874158622644006E-002   1.3073276795334723E-002   1.4117576282751700E-002   1.5754572247461979E-002   1.7476252968158038E-002   1.8818556788242402E-002   1.9258282734031847E-002   1.8511461894778581E-002   1.7007483296752779E-002   1.6122609539401842E-002   1.6630860652293723E-002   1.7772958118135590E-002   1.8681233403089480E-002   1.8862613069606012E-002   1.8359747809353948E-002   1.7560106122720204E-002   1.6954687656308549E-002   1.6931898458779179E-002   1.7601855088417887E-002   1.8770009007382786E-002   1.9943937896869518E-002   2.0666913061139876E-002   2.0465523406512472E-002   1.9139826682811886E-002   1.7233204197705503E-002   1.6159817134356335E-002   1.6672854222569956E-002   1.8038492512486258E-002   1.9367741474600113E-002   2.0080152550661780E-002   2.0090724203095871E-002   1.9657556529222828E-002   1.9168459844087247E-002   1.8942293316138309E-002   1.9052791510544981E-002   1.9303818562203680E-002   1.9246982848015591E-002   1.8516441340286474E-002   1.6773506982252984E-002   1.3967092350064471E-002   1.0760626593901765E-002   8.6446402571616343E-003   8.4301602622736463E-003   9.4100273383421230E-003   1.0645635435291538E-002   1.1432300703755326E-002   1.1519591257629891E-002   1.1010990721685286E-002   1.0205357854816575E-002   9.4179185891959567E-003   8.8214590713829883E-003   8.3326984937141801E-003   7.6480937891998911E-003   6.3051680912616500E-003   4.0180834560468856E-003   6.2101283850438420E-004  -3.7167950028983206E-003  -8.0412860470266533E-003  -1.0693163937098286E-002  -1.0865414144289473E-002  -9.2580247482512753E-003  -6.8667045784177099E-003  -4.5344200299594533E-003  -2.7057463927197619E-003  -1.4985474212060451E-003  -8.4593345474606437E-004  -6.5577348757655813E-004  -9.6691333599741513E-004  -1.9635846213285424E-003  -3.9403628494079097E-003  -6.9844694318466618E-003  -1.1046038499359770E-002  -1.5755133925412338E-002  -2.0012968639599411E-002  -2.2067952588468144E-002  -2.1038705378691593E-002  -1.7587148865800355E-002  -1.2753901453177010E-002  -7.5200614390547914E-003  -2.5424118453143776E-003   1.8210138832701283E-003   5.4178110655152033E-003   8.1785822335213049E-003   9.9825287775595507E-003   1.0649379280457257E-002   9.9700424472079548E-003   7.9983439467356792E-003   4.9558303555044796E-003   1.3779803867052440E-003  -1.4845721194123120E-003  -1.7873235627268301E-003   1.3953484916339241E-003   7.4451313118481001E-003   1.5315391257231690E-002   2.3949442112004345E-002   3.2554270599337645E-002   4.0606266325931735E-002   4.7811237809361647E-002   5.4011246388259888E-002   5.9071498598470502E-002   6.2785057148885007E-002   6.4913073491186218E-002   6.5228377159149892E-002   6.3801297269972246E-002   6.0868769486491142E-002   5.6988606539007024E-002   5.3521193450512802E-002   5.2463194551751781E-002   5.4757151455959857E-002   5.9657340715987495E-002   6.5930038609308378E-002   7.2278983571262140E-002   7.7629896850190505E-002   8.1118026402756671E-002   8.2066919372631858E-002   7.9916758934200222E-002   7.4237004936084136E-002   6.4652828134548077E-002   5.1185530983678493E-002   3.3979544179834356E-002   1.3611831622096681E-002  -8.1675338742641969E-003  -2.8311777660302184E-002  -4.5090912823208242E-002  -5.9327247275895695E-002  -7.2327921885381882E-002  -8.5204638587130843E-002  -9.8450958779628714E-002 -0.11154938517960165      -0.12292727165241026      -0.12897252029871031      -0.12554300271099691      -0.10576147916983622       -7.0669831999559868E-002  -2.3307912081814687E-002   4.0358827391215744E-012
  -3.9204904545253139E-005  -9.6845475856307747E-002 -0.22806343458885683      -0.34051067188426060      -0.43452439301824858      -0.51081588389059140      -0.57043819376912897      -0.61473377458153589      -0.64519674534506921      -0.66345478140935643      -0.67113933346559518      -0.66984800689165569      -0.66107755253944001      -0.64613802185983205      -0.62630094026063388      -0.60260090970321190      -0.57596427037356746      -0.54711050648541815      -0.51690091727099630      -0.48636453202936769      -0.45512333562508234      -0.42344213753053367      -0.39060247143615084      -0.35535612313430109      -0.31751606759777168      -0.28066416931238630      -0.23406861393515324      -0.16852499623796108      -0.10966646107232614       -7.5863131847108176E-002  -2.5357141955627775E-002  -9.2149020120086481E-002 -0.11999598132477764      -0.14224872298032365      -0.15880576286017170      -0.16086051560397932      -0.15520344734244995      -0.14501189994809133      -0.12737132125915382      -0.10624200297165673       -8.5326733876311095E-002  -6.2613744952281017E-002  -4.1665219194644255E-002  -2.3850659695914288E-002  -1.0170719298471877E-002  -2.5873595289608096E-003   2.8938632096021286E-003   4.8204024687702714E-003   2.0209060638397818E-003  -1.2266015879928891E-003  -5.8198432114367274E-003  -1.1994118648551533E-002  -1.4814251768693476E-002  -1.5835401127397682E-002  -1.5812695855034559E-002  -1.5466351231380017E-002  -1.5565386269241827E-002  -1.4655792516323950E-002  -1.3861851364928837E-002  -1.1707419363399491E-002  -7.6302676280074946E-003  -3.2137737271260803E-003   5.4047307894843843E-005   1.6608009487663548E-003   1.8849705829424930E-003   1.3770054486980726E-003   7.7951007933523800E-004   5.7432214676085677E-004   9.8807139971350240E-004   2.0170707200476870E-003   3.3761595377843532E-003   4.7462088190853031E-003   5.5957533002361096E-003   5.4940759460187427E-003   4.6798794432686211E-003   4.3845625863507005E-003   5.2570092629877132E-003   6.4511809542325072E-003   7.1572473502604485E-003   7.0383380008550902E-003   6.2841796892959996E-003   5.3343756239676602E-003   4.6396271273393547E-003   4.5313506076589995E-003   5.1255312075883129E-003   6.3270660724725767E-003   7.7812081049933876E-003   9.1327102072440748E-003   9.8674392177560376E-003   9.6106472407890119E-003   8.5846499586225717E-003   8.0060992498353235E-003   8.6045447139949209E-003   9.5926470523562141E-003   1.0156894502723477E-002   9.9099559671476829E-003   8.9744013100721415E-003   7.7444727269390008E-003   6.6718117731989299E-003   6.1281843713563476E-003   6.3319415585017767E-003   7.2875041775959486E-003   8.8058486952399210E-003   1.0466185865574126E-002   1.1873319292752848E-002   1.2518275216386363E-002   1.2069199970871589E-002   1.0866467855503327E-002   1.0186514682225610E-002   1.0727326290763648E-002   1.1715157408243528E-002   1.2339380184357806E-002   1.2204631963760777E-002   1.1443166715389391E-002   1.0491558058688026E-002   9.8506239156870290E-003   9.9046102416682786E-003   1.0771570589380192E-002   1.2284387916857703E-002   1.3980457467147253E-002   1.5404211433866097E-002   1.6030923502492696E-002   1.5560213264134780E-002   1.4412286501889469E-002   1.3885279930333621E-002   1.4654710696432531E-002   1.5982811667693653E-002   1.7061194447942438E-002   1.7446360194737293E-002   1.7197223613321599E-002   1.6683254142722238E-002   1.6360009620379035E-002   1.6582934536149816E-002   1.7448154843907729E-002   1.8772062418389517E-002   2.0095501796279246E-002   2.0997151982587399E-002   2.1026716431682319E-002   1.9979076005969928E-002   1.8352488458257751E-002   1.7491226839013968E-002   1.8108366894579880E-002   1.9481803147816400E-002   2.0753585454516867E-002   2.1369761309623619E-002   2.1251225327910819E-002   2.0648783548065319E-002   1.9964649065983265E-002   1.9577275315479915E-002   1.9696028751315250E-002   2.0255959640569723E-002   2.0949114956393962E-002   2.1269458174559129E-002   2.0830948231125364E-002   1.9308025759368911E-002   1.6673626559121749E-002   1.3686171169338526E-002   1.1841070778586305E-002   1.1841936430533195E-002   1.2981416652776709E-002   1.4367428397469385E-002   1.5348479927402044E-002   1.5708961654071572E-002   1.5545587716577993E-002   1.5092329242278877E-002   1.4549458112973349E-002   1.3927102016881692E-002   1.3030164761824493E-002   1.1488593115312336E-002   9.0732725625716319E-003   5.6374991695329491E-003   1.3310749750462144E-003  -2.9541955685514873E-003  -5.6354140899204192E-003  -5.9394077392734097E-003  -4.5429589496003217E-003  -2.3904603045154706E-003  -2.7209765059887432E-004   1.3963417792670660E-003   2.4959248796916854E-003   3.0717310689955483E-003   3.1894043778134852E-003   2.7937193271529272E-003   1.6996375186344574E-003  -3.7466339773563714E-004  -3.5069582768357701E-003  -7.6469970943527582E-003  -1.2441114724792177E-002  -1.6804833245919127E-002  -1.9030848776134337E-002  -1.8287133281306191E-002  -1.5212167091248945E-002  -1.0779171894941078E-002  -5.8830351721159933E-003  -1.0955788554738736E-003   3.2993280685730255E-003   7.2278418122156329E-003   1.0706484483715540E-002   1.3714812931883971E-002   1.6095535299216378E-002   1.7598942515067842E-002   1.7940595138830166E-002   1.7110164353087778E-002   1.5262712957267730E-002   1.2884210888653661E-002   1.1270038152444629E-002   1.2356323455681596E-002   1.7043795705909581E-002   2.4586620302337187E-002   3.3802050669349520E-002   4.3496384540629637E-002   5.2735920264448219E-002   6.0802358119204779E-002   6.7130522775834756E-002   7.1202194950145556E-002   7.2543702915072061E-002   7.0668152397681441E-002   6.5462152083985051E-002   5.6959788224359077E-002   4.5645103917162977E-002   3.3128541136566804E-002   2.2227426942615796E-002   1.4355574130595737E-002   8.2586007224217280E-003   2.0518114231390791E-003  -6.0407404663713072E-003  -1.7165467140703942E-002  -3.1369557572163614E-002  -4.7487363718789845E-002  -6.2063325225061146E-002  -7.0820481613475136E-002  -6.6285491989879777E-002  -4.8227271901949961E-002  -1.6531082877845035E-002  -6.2314597926226403E-012
  -3.9177356389044830E-005 -0.10249010059548780      -0.24067868886963906      -0.35796408814349939      -0.45472992708314586      -0.53181978644879258      -0.59050576496100593      -0.63237953674813696      -0.65919559483981760      -0.67287126884558757      -0.67530908118493593      -0.66828429042617188      -0.65352559172557045      -0.63254464111305664      -0.60664721875512018      -0.57673785565170033      -0.54403315729069301      -0.50905809453238604      -0.47286407883647352      -0.43570399257041476      -0.39994355102669954      -0.36500344971054705      -0.32784483977713458      -0.28566898960417375      -0.24334721296360201      -0.19818773924585104      -0.15299052675556166       -7.7094340859546001E-002  -2.6570554764333492E-002  -1.3496064675994344E-002  -4.5811303726758387E-002  -6.8929579657087500E-002  -9.0410729315113972E-002 -0.10009318627156855      -0.10221012052448557       -9.4085997640924277E-002  -7.9432917551830698E-002  -6.2238654296547222E-002  -4.0548745463755892E-002  -1.8412701948611773E-002   6.9076129473756608E-004   1.9319938134951867E-002   3.4556018065170141E-002   4.5742995151011503E-002   5.2606598528340619E-002   5.3855522731270304E-002   5.4018615662883934E-002   5.1957110529308098E-002   4.6580166785334054E-002   4.2036992433210262E-002   3.7134302875493234E-002   3.1285460659211131E-002   2.9130606636320652E-002   2.8914927928146771E-002   2.9777976814497845E-002   3.0934604056338213E-002   3.1528045104539326E-002   3.2870758769569408E-002   3.3678290513359875E-002   3.5334733370740730E-002   3.8437194135551550E-002   4.1563423957298479E-002   4.3457767599875102E-002   4.3822315832363873E-002   4.3052680821846621E-002   4.1792331278734558E-002   4.0587414020118028E-002   3.9801455737487085E-002   3.9582667212384903E-002   3.9919122955939648E-002   4.0578942699961533E-002   4.1318590024704088E-002   4.1657344420040959E-002   4.1165308170334390E-002   4.0039528560457581E-002   3.9452921014832658E-002   4.0010722745815554E-002   4.0867065774971061E-002   4.1254722899413857E-002   4.0883560857684902E-002   3.9948592575074993E-002   3.8836762039923235E-002   3.7911948515998689E-002   3.7430273052788725E-002   3.7483376975955482E-002   3.8016358040175495E-002   3.8761368523982452E-002   3.9456413450646960E-002   3.9645373971443215E-002   3.8958542570779582E-002   3.7580593133848428E-002   3.6671003784578611E-002   3.6912948981629973E-002   3.7516596812107950E-002   3.7713478790681834E-002   3.7172718090754925E-002   3.6036404692913443E-002   3.4657843707079743E-002   3.3403170639916512E-002   3.2554988672957072E-002   3.2279872800306295E-002   3.2591359392357661E-002   3.3369071136614900E-002   3.4293724414209269E-002   3.5061519777532746E-002   3.5205602577156207E-002   3.4375055060415285E-002   3.2846660894828204E-002   3.1816281923973101E-002   3.1916623209061870E-002   3.2358330149993328E-002   3.2371080946569264E-002   3.1623954434387258E-002   3.0292532625725222E-002   2.8811035464209340E-002   2.7643395115047261E-002   2.7137025302493654E-002   2.7405710230220044E-002   2.8320426702475511E-002   2.9479959781982191E-002   3.0476479407948936E-002   3.0787033961621742E-002   3.0061575509363631E-002   2.8638789311932290E-002   2.7729853409789767E-002   2.7947201545492076E-002   2.8546755739516792E-002   2.8778622710992449E-002   2.8294216012423393E-002   2.7238914999903042E-002   2.6030136641234863E-002   2.5134034403277983E-002   2.4903488893827257E-002   2.5444027751387859E-002   2.6600405794992173E-002   2.7944103400203545E-002   2.9057167214636050E-002   2.9443375448543578E-002   2.8806073882777561E-002   2.7530716815956896E-002   2.6854613077287384E-002   2.7417898591799536E-002   2.8492055611632258E-002   2.9288362895086517E-002   2.9370448117610203E-002   2.8778255852457434E-002   2.7846467134242141E-002   2.7017810118519388E-002   2.6684258966239629E-002   2.7065249664328200E-002   2.8116117212080516E-002   2.9554260929492680E-002   3.0881290504925073E-002   3.1673206936507985E-002   3.1506632908856004E-002   3.0210798557775760E-002   2.8387384571047381E-002   2.7393288403610380E-002   2.7842189915787675E-002   2.9020377080264247E-002   3.0124878319886413E-002   3.0663454130235936E-002   3.0601177411064131E-002   3.0192169515638932E-002   2.9782878587654219E-002   2.9641787814864824E-002   2.9811106905601330E-002   3.0092413194801795E-002   3.0066095575692776E-002   2.9394624423370826E-002   2.7765101218372501E-002   2.5128235484967929E-002   2.2180295702207808E-002   2.0341284052576365E-002   2.0280416959101218E-002   2.1309255064157945E-002   2.2578263406922556E-002   2.3477182858589754E-002   2.3807441384612601E-002   2.3654673713857988E-002   2.3223650624768059E-002   2.2683679758275784E-002   2.2026936247131111E-002   2.1058399957287002E-002   1.9423288842493235E-002   1.6905336170201814E-002   1.3361990992730896E-002   8.9301893251581520E-003   4.4891350818840351E-003   1.5761780329254260E-003   9.1025233648575165E-004   1.8289138452341339E-003   3.4412955488838295E-003   5.0263787073211927E-003   6.2371647254433503E-003   7.0187421624003264E-003   7.4952220381484481E-003   7.8326255969610129E-003   8.1069645954601269E-003   8.2044105482287771E-003   7.8655782258381206E-003   6.7433531263344044E-003   4.7170271676842089E-003   1.7974948476199380E-003  -1.6834861011116983E-003  -4.5706609918575482E-003  -5.0354723627606558E-003  -2.2283463273463978E-003   3.1445360054644031E-003   1.0046166256462905E-002   1.7519296917810151E-002   2.4917438893867255E-002   3.1810972893261860E-002   3.7881999376077419E-002   4.2789816565336619E-002   4.6155453770157714E-002   4.7504111636274521E-002   4.6662999042320776E-002   4.3548838402997475E-002   3.8478982587451666E-002   3.2849208565529836E-002   2.9224915172160644E-002   2.8754056888528938E-002   2.9916357675096972E-002   3.0537883081937962E-002   2.8498475427986045E-002   2.2225288362868301E-002   1.1144384529997544E-002  -4.1960630250191221E-003  -2.0975941084082857E-002  -3.5376943693965879E-002  -3.9842748546307316E-002  -3.2977221723421629E-002  -1.2037020326456937E-002   1.2313705610735114E-011
  -3.9199809469649596E-005 -0.10805075524336664      -0.25290974925481713      -0.37447364297383651      -0.47323899445612905      -0.55026730088853715      -0.60711441007374389      -0.64567376907422436      -0.66815111982112130      -0.67670534980425356      -0.67347432276937058      -0.66055653404762382      -0.63975698909158651      -0.61268082860638073      -0.58070127180530307      -0.54492136955274595      -0.50615496114863812      -0.46473795405045776      -0.42245161033090717      -0.37865562043116119      -0.33637900374899093      -0.29502345415801740      -0.25788968734122830      -0.21305691168510474      -0.15128504948297888       -9.6823918465628434E-002  -6.6097419597305571E-002  -2.4559404903531295E-002  -8.4725402208970110E-002 -0.10703353191221032      -0.12270406206849148      -0.13444775661471639      -0.13811498726195423      -0.13437287950634197      -0.12525406368591879      -0.10869530652772044       -8.8812289914438070E-002  -6.9247818248866375E-002  -4.7908838916096749E-002  -2.8557100001537664E-002  -1.4137366614065490E-002  -1.4183977012281112E-003   7.3790087730046970E-003   1.2244794002424888E-002   1.3459327575311975E-002   1.0167416572332250E-002   7.1753636976745055E-003   3.4191369762385862E-003  -2.3082722945498603E-003  -6.1284583697495390E-003  -9.6186006454117619E-003  -1.3762303074391934E-002  -1.4226630058403826E-002  -1.2949192842657694E-002  -1.0852110656218014E-002  -8.7158411007103847E-003  -7.3954521219918475E-003  -5.6201739853221034E-003  -4.7389806727432477E-003  -3.3836990008512141E-003  -8.7660795872993003E-004   1.5319030685395124E-003   2.7971378366417111E-003   2.7924594440707183E-003   1.9798884902013209E-003   9.5052534032558935E-004   1.2101709739721457E-004  -2.8381352965762082E-004  -2.0581446314604039E-004   3.2768429041784311E-004   1.1333439292898295E-003   2.0412332008969093E-003   2.6232496021842172E-003   2.4561496930763272E-003   1.7043156902563888E-003   1.4934085497350712E-003   2.3972913169058312E-003   3.5810318007615874E-003   4.3270526182315533E-003   4.3948524119786633E-003   3.9849447408553239E-003   3.4310943368051081E-003   3.0099336079620555E-003   2.9012777165257765E-003   3.1696742197576482E-003   3.7957450913931883E-003   4.5932803460924992E-003   5.3897509628965286E-003   5.7861724621299905E-003   5.4198155517155375E-003   4.4417256859029756E-003   3.9598308840191549E-003   4.6173460622573525E-003   5.6265710136580447E-003   6.2645191234436664E-003   6.2525859503907563E-003   5.7455168049429569E-003   5.0490091330259316E-003   4.4390278398471882E-003   4.1061290626648083E-003   4.1625117051345304E-003   4.6275306419424822E-003   5.4462795417051877E-003   6.4002940936108360E-003   7.2812761977248380E-003   7.6739988794093696E-003   7.2217593022927164E-003   6.1523145796048735E-003   5.5947390336638023E-003   6.1271777191504754E-003   6.9483684039863556E-003   7.3213503499908210E-003   6.9609035388776552E-003   6.0578658532107893E-003   5.0120523471734449E-003   4.2208643458496046E-003   3.9732536503955581E-003   4.3689470801428982E-003   5.3207910843682833E-003   6.5057961949983451E-003   7.5909355315055931E-003   8.0875069517435550E-003   7.6278867459496132E-003   6.4961993677673273E-003   5.8358412221910785E-003   6.2056623503430079E-003   6.8519740619374042E-003   7.0645033309081097E-003   6.5548772869904693E-003   5.5082423667233739E-003   4.3388065889056254E-003   3.4770322401680149E-003   3.2404732276532957E-003   3.7308075398010203E-003   4.8296146746427421E-003   6.1673050540767237E-003   7.3719532969698034E-003   7.9507049493902152E-003   7.5632763062857310E-003   6.5228819125753906E-003   5.9901208294031146E-003   6.5503857861574488E-003   7.4720412901245125E-003   8.0211074791768332E-003   7.8457441205563149E-003   7.0566124341385796E-003   6.0160785843606209E-003   5.1532401293651383E-003   4.8313659750435778E-003   5.2573478504801523E-003   6.4079931323868062E-003   8.0511357812164137E-003   9.7409631963621506E-003   1.1072828251287824E-002   1.1585978424984043E-002   1.1020864518699857E-002   9.8661194802191383E-003   9.3704638218132259E-003   1.0073829650041697E-002   1.1256086917017983E-002   1.2184461599214505E-002   1.2487646562475779E-002   1.2257614866720676E-002   1.1845643868774156E-002   1.1656199617978646E-002   1.1989428439849143E-002   1.2909332461094988E-002   1.4232218414475573E-002   1.5530685610086982E-002   1.6414692765390884E-002   1.6464050203955041E-002   1.5483079388566152E-002   1.4014063952741674E-002   1.3343768589431594E-002   1.4055826546979011E-002   1.5455952909646603E-002   1.6779794183022164E-002   1.7569959239951659E-002   1.7802484656141527E-002   1.7716380308272446E-002   1.7627262638217740E-002   1.7773100706985834E-002   1.8180167487878034E-002   1.8652981919232491E-002   1.8790169416299803E-002   1.8269860074944730E-002   1.6786253237228210E-002   1.4280242485667331E-002   1.1437488204603071E-002   9.6314202428926226E-003   9.4710291300023897E-003   1.0269429747515352E-002   1.1210006284597228E-002   1.1724684762155204E-002   1.1654272355345385E-002   1.1121549037265891E-002   1.0390656923302741E-002   9.7233840090102646E-003   9.2524204289927275E-003   8.8859883368004756E-003   8.3485095017133762E-003   7.2279255255366876E-003   5.2821053870994797E-003   2.3499784817009495E-003  -1.4333894916367400E-003  -5.0999217761850818E-003  -6.9694887252907929E-003  -6.2714203070511681E-003  -3.6830490754429057E-003  -8.9303617485197653E-005   3.8065558762277992E-003   7.6658967155116050E-003   1.1368294478196808E-002   1.4867398895036828E-002   1.8034759102437688E-002   2.0632965337587190E-002   2.2249376491813536E-002   2.2688611609873205E-002   2.1763921848725332E-002   1.9629386001079351E-002   1.7490635819764525E-002   1.7734703739186418E-002   2.1382403555317113E-002   2.6863398158391203E-002   3.2001253567218370E-002   3.4645228269063535E-002   3.3067523643652383E-002   2.6327028392812975E-002   1.4348470272437115E-002  -8.6839237901945217E-004  -1.6292960341795556E-002  -2.4682374322515088E-002  -2.3972605192517250E-002  -9.4355138947776734E-003  -2.2808421817923728E-011
  -3.9197396075760627E-005 -0.11370633205631096      -0.26514113391144983      -0.39051331075264450      -0.49051382703933316      -0.56645304809296282      -0.62028778435359877      -0.65426980850691741      -0.67102470546015980      -0.67311256477438819      -0.66303878154427087      -0.64319240973710057      -0.61532004932057571      -0.58160424900285423      -0.54327431389342407      -0.50166905068262235      -0.45705627048063735      -0.41053897026825720      -0.36194740228392402      -0.31083077502897155      -0.26312837629979574      -0.22036192090909518      -0.17972225121395391      -0.13803680130936541       -6.9769831936388679E-002  -2.3479943790081444E-002  -1.4824379100600771E-002  -4.6342439156879578E-002  -6.9046697592647269E-002  -8.9581181858104514E-002  -9.5942449395959847E-002  -9.3982933460787108E-002  -8.5263461868365073E-002  -7.1232227575362933E-002  -5.5311158110095966E-002  -3.5270619572477999E-002  -1.4988598757061607E-002   2.3245126684187591E-003   1.9340662438177534E-002   3.2899723009867050E-002   4.0706319244656591E-002   4.6653926993638843E-002   4.9104930697937706E-002   4.8503654364055356E-002   4.5438383487723784E-002   3.9223587643571541E-002   3.4694187858862073E-002   3.0661985556479140E-002   2.5673565066918334E-002   2.3276562259078513E-002   2.1508313151128534E-002   1.9026818790872209E-002   1.9917526445604489E-002   2.2129248127125502E-002   2.4752571697594535E-002   2.7087759209319519E-002   2.8357011738462883E-002   2.9858192099015867E-002   3.0232118758284209E-002   3.0861781625147744E-002   3.2507667073249029E-002   3.4066285096421726E-002   3.4659293157977063E-002   3.4279386543248844E-002   3.3409222188975997E-002   3.2557469242545427E-002   3.1999143518504927E-002   3.1821482622219489E-002   3.1999046125796515E-002   3.2494291494406261E-002   3.3173719753386871E-002   3.3939678543371404E-002   3.4415528280362741E-002   3.4185742399314621E-002   3.3385716772759054E-002   3.3099885556042138E-002   3.3878093638283348E-002   3.4903476359856016E-002   3.5513748466318842E-002   3.5522550122716295E-002   3.5140829260220552E-002   3.4655566490436593E-002   3.4263058266360516E-002   3.4071487246314536E-002   3.4117919291357594E-002   3.4412137416610984E-002   3.4838960087923442E-002   3.5303907943584685E-002   3.5456070190508567E-002   3.4934593326291695E-002   3.3855768820156812E-002   3.3278498549005830E-002   3.3811034274275058E-002   3.4673257667287960E-002   3.5191752938084929E-002   3.5143032493562584E-002   3.4697957009247826E-002   3.4120496946517455E-002   3.3604532376657004E-002   3.3256175588837512E-002   3.3136702502506901E-002   3.3268322648549793E-002   3.3652978534338282E-002   3.4162287434456436E-002   3.4675059227144985E-002   3.4824698232898924E-002   3.4251728926987267E-002   3.3142588976117895E-002   3.2570306084594935E-002   3.3069843236841499E-002   3.3836684972560621E-002   3.4169842422861106E-002   3.3825182841025841E-002   3.2998422251273869E-002   3.2041954791902749E-002   3.1274171191918505E-002   3.0915855321284418E-002   3.1047081826528197E-002   3.1622020616898193E-002   3.2401081238959392E-002   3.3136882534748356E-002   3.3390095943755187E-002   3.2792379994876629E-002   3.1589140320333199E-002   3.0869062659546469E-002   3.1145931683009491E-002   3.1657662093799686E-002   3.1724634711197158E-002   3.1098855799119082E-002   2.9977001794018136E-002   2.8738468126490304E-002   2.7748976596459963E-002   2.7269431643123569E-002   2.7387554813274380E-002   2.8024356379177051E-002   2.8883910986869276E-002   2.9664542012710422E-002   2.9906097058660801E-002   2.9254093218666847E-002   2.7974845648073902E-002   2.7171263220380368E-002   2.7385039775311017E-002   2.7882037062212817E-002   2.7970608745557842E-002   2.7357518194132385E-002   2.6187482205462451E-002   2.4808851734126884E-002   2.3597281485031266E-002   2.2855769410800607E-002   2.2760046192502482E-002   2.3305430672337871E-002   2.4323512387567189E-002   2.5448985735121249E-002   2.6335016003007170E-002   2.6526424429240809E-002   2.5715780363934338E-002   2.4312288489805017E-002   2.3480048537157964E-002   2.3696771819202257E-002   2.4232670889593983E-002   2.4404460514531840E-002   2.3923456186019591E-002   2.2956814177791180E-002   2.1896368632771227E-002   2.1154088492915678E-002   2.1027874184642917E-002   2.1593519670126869E-002   2.2698238837370946E-002   2.3945988139932994E-002   2.4948719391054985E-002   2.5238982733325078E-002   2.4531046776520803E-002   2.3259430796173687E-002   2.2610960944846759E-002   2.3102722231032661E-002   2.4037313376140075E-002   2.4719522101621403E-002   2.4809714297360352E-002   2.4408340435803394E-002   2.3851280890895318E-002   2.3514031340484905E-002   2.3669481064250167E-002   2.4369530745589320E-002   2.5437051837414234E-002   2.6465751915452970E-002   2.7083647116892054E-002   2.6880556822118002E-002   2.5655081906387191E-002   2.3943224388873977E-002   2.2987461393109448E-002   2.3308738173096831E-002   2.4204608715624687E-002   2.4924928686497774E-002   2.5027524313756766E-002   2.4495580115956594E-002   2.3571562197906456E-002   2.2599054813056400E-002   2.1883976324700963E-002   2.1582567171862126E-002   2.1614934152813296E-002   2.1699840981050909E-002   2.1383252311733013E-002   2.0325867635589297E-002   1.8210622193716271E-002   1.4978881008240696E-002   1.1401991774854738E-002   8.9928678404172478E-003   8.4180072733179012E-003   8.9975205287816298E-003   9.9594471267641250E-003   1.0805864109039750E-002   1.1448158739449061E-002   1.2013020040922065E-002   1.2668408914743660E-002   1.3455096400704927E-002   1.4252940864175336E-002   1.4702848933714773E-002   1.4586196835533751E-002   1.3615109538066068E-002   1.1790624470687768E-002   1.0160166457950504E-002   1.1001383671872263E-002   1.5325121130528594E-002   2.1682928439336911E-002   2.8119765690206858E-002   3.2710771026838559E-002   3.3827279366833433E-002   3.0369103125137485E-002   2.1756399377263959E-002   9.1644200459530516E-003  -5.3074994194027645E-003  -1.5023864655807415E-002  -1.7703234554952353E-002  -7.2795034302983131E-003   4.9876547336726955E-011
  -3.9206686220158459E-005 -0.11932612369091475      -0.27693944326240133      -0.40534924618126644      -0.50557854355483056      -0.57925312704958765      -0.62882616789003853      -0.65718169999569287      -0.66727563863643014      -0.66241857416206629      -0.64528808694592921      -0.61844215899434718      -0.58397895128566091      -0.54373564579229550      -0.49879094385820411      -0.45217995570365005      -0.40257427007050234      -0.35129659088999726      -0.29605202420322030      -0.24096773518273773      -0.18710483974647996      -0.13289499399388735       -8.7395298844224978E-002  -5.9861994690554553E-002  -2.2723225640694723E-002  -7.9148247138949121E-002 -0.10255564589330644      -0.11936849160575834      -0.13165870459362686      -0.13685742071272008      -0.13152936150842265      -0.11883484820505696      -0.10133185833534142       -8.1511070818743786E-002  -6.2991101656668574E-002  -4.3339930800927358E-002  -2.5898354062232939E-002  -1.3226608237549809E-002  -1.9596194630052900E-003   5.4012020658614516E-003   7.1603427900392303E-003   7.7272131573254887E-003   5.8390071168360662E-003   2.1501197164404116E-003  -2.6957093048951886E-003  -9.4479414051588315E-003  -1.3429705328655920E-002  -1.6072699301655627E-002  -1.9121664116685588E-002  -1.9336733115050592E-002  -1.8993944945938764E-002  -1.9697005709131937E-002  -1.7508156142258958E-002  -1.4502245424147943E-002  -1.1501411711730846E-002  -9.0648340195222804E-003  -7.8470344487566231E-003  -6.4904866294803673E-003  -6.3485613131912194E-003  -6.0279486075019593E-003  -4.7111442943939003E-003  -3.3976276942234858E-003  -2.8504682449815681E-003  -3.0047822146789167E-003  -3.3891538195428539E-003  -3.5880689992887969E-003  -3.4596444397450247E-003  -3.0347409042090889E-003  -2.4020798393048753E-003  -1.5957271390279529E-003  -6.9449488229640145E-004   2.7464702319730626E-004   9.8276460595177000E-004   1.0192564253073853E-003   4.8982449316793241E-004   4.3893105172764738E-004   1.3948547224372657E-003   2.5609607821418189E-003   3.3316708078580072E-003   3.5768188571882469E-003   3.5226345158122199E-003   3.4177289147936433E-003   3.3880828460904379E-003   3.4778316837864769E-003   3.6978333029941655E-003   4.0805576859909414E-003   4.5694891130353141E-003   5.1339827969268384E-003   5.4591794732977775E-003   5.1783709499228624E-003   4.3698946954939038E-003   4.0443335992725177E-003   4.7783372611112781E-003   5.8031340239047121E-003   6.4978654614358776E-003   6.6974328624270522E-003   6.5948061249989460E-003   6.4224580182260802E-003   6.3053340922795947E-003   6.2770432070740579E-003   6.3537110924490508E-003   6.5569377823168195E-003   6.9333979087597445E-003   7.4280795152982335E-003   7.9910840764292612E-003   8.2939172504653668E-003   7.9706830494248367E-003   7.1691297395480962E-003   6.9137077325629745E-003   7.7064335356352397E-003   8.7492735797004631E-003   9.3838334351108200E-003   9.4099855603741230E-003   9.0287594634088399E-003   8.5446953426602801E-003   8.1965131076607717E-003   8.1354036114240965E-003   8.4188398048137200E-003   9.0380233286216777E-003   9.8326283137950745E-003   1.0638962181894867E-002   1.1068624369914248E-002   1.0757434488665099E-002   9.9192879762107777E-003   9.5967894671918994E-003   1.0267366571763945E-002   1.1166478589736087E-002   1.1645644487701973E-002   1.1491473670178552E-002   1.0901606180456123E-002   1.0208065988211334E-002   9.7000218599551900E-003   9.5725497230367690E-003   9.8939769583104836E-003   1.0623793040599934E-002   1.1543785401544823E-002   1.2431430742148874E-002   1.2871832277736322E-002   1.2510221586982791E-002   1.1579091964124698E-002   1.1134663768539148E-002   1.1682742075558999E-002   1.2488876886107446E-002   1.2898056897897752E-002   1.2661726208512138E-002   1.1938630339067526E-002   1.1040667324899524E-002   1.0268930194938146E-002   9.8490648655471889E-003   9.9142408257803065E-003   1.0473691354486085E-002   1.1425926966691265E-002   1.2497563324891761E-002   1.3418427774759972E-002   1.3762630416284715E-002   1.3199461640332122E-002   1.2080422836809308E-002   1.1501384371311070E-002   1.1886692126762032E-002   1.2494800202969725E-002   1.2675912375777233E-002   1.2193766203484046E-002   1.1249751608093987E-002   1.0231311809620183E-002   9.5173057045431636E-003   9.3749106666145207E-003   9.8808583977838035E-003   1.0922095826339946E-002   1.2160714884877829E-002   1.3250293502013556E-002   1.3721402210338659E-002   1.3241657046567492E-002   1.2173642121281688E-002   1.1629526802211271E-002   1.2072682250256173E-002   1.2800189714130708E-002   1.3165959782642390E-002   1.2910701762538484E-002   1.2208822469328782E-002   1.1437943736075729E-002   1.0984266006562176E-002   1.1122572272660178E-002   1.1920643332483121E-002   1.3235536252782228E-002   1.4694510531681566E-002   1.5929416978115583E-002   1.6485931506341190E-002   1.6078201933569760E-002   1.5142078353539397E-002   1.4827622318615518E-002   1.5593828264315322E-002   1.6733652649989515E-002   1.7556255082903864E-002   1.7719057182762520E-002   1.7305000715763161E-002   1.6624388161118431E-002   1.6049237941273060E-002   1.5890068131811749E-002   1.6307127638845204E-002   1.7237086262118336E-002   1.8420827397350400E-002   1.9407119074133002E-002   1.9811981972001978E-002   1.9212826561073110E-002   1.7398002920452460E-002   1.4968674465086457E-002   1.3281645236064404E-002   1.2894273079254384E-002   1.3100875679175908E-002   1.3198516071589185E-002   1.2829786484551487E-002   1.2074352248747415E-002   1.1216022717776766E-002   1.0550476464533089E-002   1.0215476348144509E-002   1.0156597377356889E-002   1.0037148918596752E-002   9.5992275082034846E-003   8.4469405682375039E-003   6.4283077808247090E-003   4.4428694969863881E-003   4.6868580294287783E-003   8.2149333754291173E-003   1.3787200527734991E-002   1.9794657159343872E-002   2.4699994903500468E-002   2.7162020902893998E-002   2.6114685717330954E-002   2.0638544943751596E-002   1.1180080103047035E-002  -1.1083270994063502E-003  -1.0359669339448953E-002  -1.4396441995765731E-002  -6.2545167255206972E-003   1.4633627642988165E-011
  -3.9209888710360338E-005 -0.12514079886792187      -0.28876041710676104      -0.41963561522777937      -0.51904316680385398      -0.58912941407231045      -0.63287659167773513      -0.65416450218798428      -0.65613376678901492      -0.64260797402386116      -0.61711640517134281      -0.58222052679776415      -0.54046316017646567      -0.49309589138301912      -0.44230677444806832      -0.38848966489321446      -0.33329768410725524      -0.28249112468420329      -0.22610181517912320      -0.15730918976008010       -9.6269116179080169E-002  -5.8197843144295228E-002  -2.2852640716404197E-002  -1.2509793783638628E-002  -4.1996465478028336E-002  -6.4218763566168804E-002  -8.4703139233953145E-002  -9.1778640735022426E-002  -9.0689728964837957E-002  -8.4023020596455056E-002  -6.8859882630059432E-002  -4.9362748659235234E-002  -2.7981060229835025E-002  -7.1890505685825732E-003   9.6520558710562806E-003   2.5509182380167722E-002   3.7695146153442993E-002   4.4336039565677311E-002   4.9437205246063404E-002   5.1031821803368738E-002   4.7843799240795792E-002   4.4576301064864064E-002   4.0103687400953623E-002   3.5061477620584758E-002   2.9947385056607424E-002   2.3791703593016949E-002   2.1015992323277791E-002   1.9914792685702235E-002   1.8486948382036891E-002   1.9750316284681404E-002   2.1230936099303956E-002   2.1184555248948897E-002   2.3506494393997747E-002   2.6177629873368437E-002   2.8515471742832931E-002   3.0130131693437728E-002   3.0502617116358575E-002   3.1049495862564374E-002   3.0411469049070002E-002   2.9967536431690252E-002   3.0555150861748773E-002   3.1234083600702019E-002   3.1312230384548126E-002   3.0892815578248488E-002   3.0420986187840823E-002   3.0225532607170778E-002   3.0338418912665938E-002   3.0640780689137993E-002   3.1007016789587834E-002   3.1422382430664045E-002   3.1866919158894697E-002   3.2380495634375707E-002   3.2675334190499720E-002   3.2340360258565293E-002   3.1448411056500508E-002   3.1002520377733565E-002   3.1508333181998797E-002   3.2187588179603439E-002   3.2488849114573864E-002   3.2337023378043110E-002   3.1976688239433206E-002   3.1626237207391245E-002   3.1352292320495474E-002   3.1144136105237339E-002   3.0989481218041192E-002   3.0938670608654652E-002   3.0982913218229491E-002   3.1142504955120175E-002   3.1127967700773886E-002   3.0560512734121328E-002   2.9478571790907595E-002   2.8845553767181363E-002   2.9208831407834680E-002   2.9812534760559232E-002   3.0088590987011915E-002   2.9931117647710774E-002   2.9559749132622864E-002   2.9185466479533108E-002   2.8878155565822582E-002   2.8612029091915007E-002   2.8364945645576466E-002   2.8155079825177402E-002   2.8061633719135261E-002   2.8085317548826781E-002   2.8230099241800640E-002   2.8193045553354130E-002   2.7596150557966055E-002   2.6549001910716269E-002   2.6032692029061399E-002   2.6524020922187495E-002   2.7239190705971146E-002   2.7568540369353727E-002   2.7360736245002470E-002   2.6827000503231561E-002   2.6229849246664903E-002   2.5734151242789140E-002   2.5424858585762752E-002   2.5335400242397447E-002   2.5487259425528624E-002   2.5789173615620119E-002   2.6150823619445762E-002   2.6227315812125816E-002   2.5655567677232458E-002   2.4619186049134368E-002   2.4119691828520095E-002   2.4605579382030247E-002   2.5317375355737460E-002   2.5643173008734716E-002   2.5406938173045013E-002   2.4808284231602244E-002   2.4132382694501468E-002   2.3592247852464540E-002   2.3316734589308639E-002   2.3352750918816691E-002   2.3694651943719398E-002   2.4197978763338006E-002   2.4716860450371129E-002   2.4881794570776349E-002   2.4340495298484831E-002   2.3296211175053216E-002   2.2764269376609161E-002   2.3220577505039489E-002   2.3934654534322544E-002   2.4288897386494514E-002   2.4076541818545492E-002   2.3465369208828531E-002   2.2725773094059307E-002   2.2080276332111546E-002   2.1673897847531372E-002   2.1593745472287120E-002   2.1858910933256627E-002   2.2431288831060364E-002   2.3128522280647480E-002   2.3760780351543716E-002   2.3940114213996486E-002   2.3324730085292587E-002   2.2221802725847235E-002   2.1671544708629611E-002   2.2054399369155028E-002   2.2620135707349769E-002   2.2746138638485940E-002   2.2232176927365000E-002   2.1289654144968476E-002   2.0274082123762374E-002   1.9505635257888239E-002   1.9201872456522578E-002   1.9431580520732329E-002   2.0124157122937882E-002   2.1013783041679772E-002   2.1818484978955964E-002   2.2094450081766966E-002   2.1490169666767586E-002   2.0319611930653538E-002   1.9637002465210131E-002   1.9860139280319475E-002   2.0277377427643475E-002   2.0274700704095004E-002   1.9642210192027162E-002   1.8586868492549296E-002   1.7482757595316919E-002   1.6685693742822218E-002   1.6443036665496496E-002   1.6826280830581700E-002   1.7733755792833417E-002   1.8851084005553034E-002   1.9851778535860894E-002   2.0281478767161340E-002   1.9813331946661263E-002   1.8820568286650359E-002   1.8389776957141949E-002   1.8936565749825301E-002   1.9754930937665675E-002   2.0203595199171351E-002   2.0014185858235597E-002   1.9331552885662788E-002   1.8490056413150869E-002   1.7848907471316414E-002   1.7692975140267943E-002   1.8173920503554857E-002   1.9253632650725598E-002   2.0724940164452928E-002   2.2186689852296288E-002   2.3268391917762414E-002   2.3503001615948562E-002   2.2582180030700665E-002   2.0982653596102026E-002   1.9936816361438580E-002   1.9907771157586043E-002   2.0158622254135620E-002   2.0026738728394035E-002   1.9243390772042641E-002   1.7986414100626676E-002   1.6617733542081480E-002   1.5484585028341774E-002   1.4759120246903642E-002   1.4409965668174382E-002   1.4100372700984923E-002   1.3525657468510716E-002   1.2181240295852514E-002   9.7608473985986970E-003   7.0104003917102163E-003   6.0356661132475566E-003   7.9278760906510131E-003   1.1658793251520824E-002   1.5990890454059541E-002   1.9834856190102199E-002   2.2240072221801604E-002   2.2316288389428229E-002   1.8963574081165172E-002   1.2037808731705591E-002   1.8127300511113699E-003  -6.6597139008742531E-003  -1.1486680443567321E-002  -5.1051627676827497E-003  -3.2869706956285292E-011
  -3.9215635035872767E-005 -0.13081454622036831      -0.29992276315846822      -0.43218264366861830      -0.52911487627787612      -0.59412238407158113      -0.63067058483511240      -0.64299205892814260      -0.63610276597436877      -0.61374144051588941      -0.57987516455550892      -0.53691808241709815      -0.48907430681264302      -0.43565851084531909      -0.37934933103906010      -0.31819985934266609      -0.25932823728677329      -0.20145454018981082      -0.14874811072151656       -7.4526017801445785E-002  -2.3967875762705419E-002  -2.4708258398947490E-002  -7.7023408254020653E-002  -9.9014384229201294E-002 -0.11397282364552377      -0.12489981490619645      -0.12949409975960638      -0.12401963668784848      -0.11156833139255792       -9.5697669947712977E-002  -7.4326580637472675E-002  -5.1679016557610737E-002  -2.9967389311225587E-002  -1.1162884395574710E-002   1.9829020203880336E-003   1.3111407205880270E-002   2.0186959011820924E-002   2.1907878228459993E-002   2.2735981687267745E-002   2.1016604167028823E-002   1.5653870066927759E-002   1.1410558222508102E-002   7.0904836106495516E-003   3.1425982415091854E-003  -1.9958576632142446E-004  -4.1906633611296347E-003  -4.6737119629528491E-003  -3.5833509998784625E-003  -3.0890544755024737E-003  -2.7971127232998759E-004   2.2967923268908713E-003   2.8664250886001833E-003   5.3635526949227727E-003   7.8732183242455674E-003   9.8691898399050123E-003   1.1124979057988940E-002   1.1238385214227861E-002   1.1660807555781007E-002   1.1000326399607080E-002   1.0590726795286293E-002   1.1254583782936707E-002   1.2075023645542689E-002   1.2399710903048627E-002   1.2351236492603017E-002   1.2347412615599187E-002   1.2647445491945837E-002   1.3202662509621522E-002   1.3837656858165867E-002   1.4414103315447518E-002   1.4948181841829925E-002   1.5478288282744258E-002   1.6103256244218354E-002   1.6567144140615893E-002   1.6451396963877721E-002   1.5791973708562002E-002   1.5548192923083763E-002   1.6200728643382570E-002   1.6985626631943754E-002   1.7400062324360609E-002   1.7419898222103689E-002   1.7308735101341233E-002   1.7261412511338382E-002   1.7295562748115556E-002   1.7355045483811539E-002   1.7408514017223330E-002   1.7521123288408279E-002   1.7723264841201767E-002   1.8076130130474370E-002   1.8308107812960488E-002   1.8025138433747263E-002   1.7226270798668796E-002   1.6830142407056228E-002   1.7356972197703081E-002   1.8063446067137310E-002   1.8431302505832265E-002   1.8411106120082704E-002   1.8250514682471398E-002   1.8146649704387188E-002   1.8126772298705813E-002   1.8118345981135261E-002   1.8068429412191153E-002   1.7990561599631246E-002   1.7986637346011653E-002   1.8098164405829634E-002   1.8368145396097671E-002   1.8508829738163368E-002   1.8125745572428055E-002   1.7291084935451284E-002   1.6946655535565791E-002   1.7549459773340159E-002   1.8334553326923148E-002   1.8744106493040660E-002   1.8678610542792046E-002   1.8364594175642540E-002   1.8030471505541129E-002   1.7776134742292522E-002   1.7626458849896762E-002   1.7590910751991561E-002   1.7714189958852333E-002   1.7961812840498702E-002   1.8303194819191224E-002   1.8425794581465305E-002   1.7960992267431881E-002   1.7060253203836567E-002   1.6686428231832785E-002   1.7264566669473382E-002   1.8046638080753925E-002   1.8462995750292657E-002   1.8380114630144100E-002   1.8005337523583367E-002   1.7583873735161071E-002   1.7259453532833091E-002   1.7099105463694499E-002   1.7127993196482352E-002   1.7369764412642361E-002   1.7744566065783701E-002   1.8173434700818093E-002   1.8324658324000379E-002   1.7844195473562377E-002   1.6905146931997315E-002   1.6484009323232716E-002   1.7030950062318462E-002   1.7823859384177486E-002   1.8285860799192328E-002   1.8254626590983172E-002   1.7910519705226814E-002   1.7487997415638886E-002   1.7137908725241860E-002   1.6930392800970695E-002   1.6908228014470839E-002   1.7096630736966496E-002   1.7512697126299451E-002   1.8055633571450982E-002   1.8608951595075997E-002   1.8820641932922651E-002   1.8341129456614026E-002   1.7440643603676125E-002   1.7113689052710022E-002   1.7707258056083849E-002   1.8470174655238640E-002   1.8809269229564912E-002   1.8556416636126956E-002   1.7924336384412723E-002   1.7225692256514095E-002   1.6711300175170522E-002   1.6540447093011047E-002   1.6768565121311044E-002   1.7366330274409578E-002   1.8143839195640204E-002   1.8892438813178487E-002   1.9206723109524950E-002   1.8730502749775654E-002   1.7742874611689392E-002   1.7251646223874432E-002   1.7636737485810367E-002   1.8178809885975616E-002   1.8287695324481025E-002   1.7784940504257413E-002   1.6884647670319535E-002   1.5928781474693437E-002   1.5216043327407298E-002   1.4945970136090248E-002   1.5182921819906164E-002   1.5866787107337917E-002   1.6752711644544300E-002   1.7575706868497094E-002   1.7906078325704039E-002   1.7401005487524733E-002   1.6392767501119062E-002   1.5920880504854316E-002   1.6367259340427279E-002   1.7027506645611167E-002   1.7299233606761177E-002   1.6966340450886755E-002   1.6205153794719374E-002   1.5340147126360639E-002   1.4686150030174577E-002   1.4478656217989491E-002   1.4849097321913834E-002   1.5787624246692888E-002   1.7157485147849500E-002   1.8640241053514185E-002   1.9922370872011513E-002   2.0541722126148194E-002   2.0142765637183813E-002   1.9122359380913379E-002   1.8624446390728910E-002   1.9041765758819856E-002   1.9613784257643423E-002   1.9706160040541008E-002   1.9107306855574633E-002   1.8046716402280508E-002   1.6911382320085752E-002   1.6050753607749293E-002   1.5634883136506978E-002   1.5637228705027699E-002   1.5721095573647158E-002   1.5548070911515433E-002   1.4521551125226006E-002   1.2190596473297906E-002   9.1414827666084792E-003   7.3639693763357982E-003   7.9425283705004870E-003   1.0007290131661311E-002   1.2644477215327214E-002   1.5191656707065515E-002   1.7114104672120309E-002   1.7778634560373204E-002   1.6033035894639558E-002   1.1287134719680084E-002   3.0497762912315286E-003  -4.4085698401669779E-003  -9.5565213043801566E-003  -4.4044850605314614E-003   4.8562043275554220E-011
  -3.9219779828201829E-005 -0.13658131697461132      -0.31091735527564796      -0.44339221724574113      -0.53669330045532082      -0.59476278682289996      -0.62242221365722705      -0.62383553587209317      -0.60646694897187869      -0.57370813541697352      -0.53024522319519674      -0.47925646030471208      -0.42230509611539163      -0.36183617513715005      -0.30474046688338668      -0.24134938468969938      -0.16440506160295368       -9.9458045803105272E-002  -6.5781361572809699E-002  -2.2406549771816973E-002  -8.1127873751732207E-002 -0.10913488335752317      -0.13252941175830321      -0.15075909324507841      -0.15556155322077259      -0.15261957262893960      -0.14471505580927979      -0.12880082689590500      -0.10901853327225489       -8.8874286341498770E-002  -6.6197276775193339E-002  -4.4870000583805594E-002  -2.6517092945661472E-002  -1.2412219656349576E-002  -4.5899187128075111E-003   1.2433714265977127E-003   3.5686443156641768E-003   1.4486946220721470E-003  -4.4144347397864791E-004  -3.6917972112301043E-003  -9.4449285880135684E-003  -1.3066147516797849E-002  -1.5961165351441133E-002  -1.7950361672663371E-002  -1.9094038605405268E-002  -2.0914823465019369E-002  -1.9462693318364706E-002  -1.6813641623018592E-002  -1.5198381677879094E-002  -1.1700272754459048E-002  -8.8397994622438497E-003  -8.3437132658998603E-003  -6.1948154006559253E-003  -4.1948826488058229E-003  -2.7314401816442096E-003  -1.9012486075333488E-003  -2.0276648566903465E-003  -1.6584421776592384E-003  -2.2465957402667768E-003  -2.5280477020867289E-003  -1.7184356543061886E-003  -7.3284158444426395E-004  -1.9992369808603696E-004   1.6615997303416973E-005   3.1554836214739559E-004   9.0780552879368161E-004   1.6923577229304835E-003   2.4638027557999896E-003   3.0884058255851812E-003   3.6181230471067777E-003   4.1439272956602363E-003   4.8126630498569857E-003   5.3899546846595953E-003   5.4435795807272497E-003   4.9704447626983898E-003   4.8859303111738429E-003   5.6446685235680130E-003   6.4930663292765397E-003   6.9706774318349617E-003   7.0989395299544088E-003   7.1596883372399339E-003   7.3294704368919066E-003   7.5862134375723556E-003   7.8373200419487726E-003   8.0368956979189419E-003   8.2632869576019421E-003   8.5798333909591750E-003   9.0815274436967727E-003   9.5103051946088101E-003   9.4567879542336326E-003   8.8837744845615511E-003   8.6691937320828704E-003   9.3083512461758985E-003   1.0068692579096846E-002   1.0476305208285486E-002   1.0532365369749094E-002   1.0510735484990185E-002   1.0599349938714727E-002   1.0792863909401706E-002   1.0983194858952010E-002   1.1094062225612739E-002   1.1134825595076043E-002   1.1223393165421206E-002   1.1431183303578894E-002   1.1829638829918202E-002   1.2139558898075185E-002   1.1948448735593711E-002   1.1293274516336303E-002   1.1080372059986738E-002   1.1750250971111438E-002   1.2557961503100091E-002   1.2996787433852188E-002   1.3018889923974632E-002   1.2869387219092752E-002   1.2750223893084408E-002   1.2706146077553975E-002   1.2709769348155299E-002   1.2748484303578604E-002   1.2884708390307238E-002   1.3129598441237638E-002   1.3499462441483165E-002   1.3703489190991432E-002   1.3361206148143130E-002   1.2589965362881400E-002   1.2315497978963629E-002   1.2943015828545535E-002   1.3739750335364512E-002   1.4181617484267956E-002   1.4181406167336704E-002   1.3960185209489990E-002   1.3731814331182318E-002   1.3580098281265477E-002   1.3516888253303199E-002   1.3546424233947816E-002   1.3715680672433289E-002   1.3998432088976375E-002   1.4370191735540204E-002   1.4526573385668467E-002   1.4105048292108201E-002   1.3245635248292555E-002   1.2886301489241598E-002   1.3453833594009541E-002   1.4237221111035474E-002   1.4702706032952038E-002   1.4735544656973543E-002   1.4534550912542828E-002   1.4307700073263699E-002   1.4145626619455818E-002   1.4053367382467213E-002   1.4033461919025884E-002   1.4113437009742826E-002   1.4354682211956382E-002   1.4723525433858686E-002   1.5163524996166898E-002   1.5350099674019098E-002   1.4923458839418128E-002   1.4119867667656888E-002   1.3895243363264783E-002   1.4572422076100296E-002   1.5407969880265122E-002   1.5844115062331729E-002   1.5747712000659993E-002   1.5333682263059650E-002   1.4871962688457372E-002   1.4543676120471376E-002   1.4448457698458730E-002   1.4625375572956912E-002   1.5082112691723949E-002   1.5700650198743400E-002   1.6343771370420829E-002   1.6645906578480179E-002   1.6250765291484406E-002   1.5409354104565481E-002   1.5091241864467898E-002   1.5646679759602284E-002   1.6354296253074965E-002   1.6648484658230461E-002   1.6377324240011683E-002   1.5752776272681766E-002   1.5073332917660625E-002   1.4569355807011139E-002   1.4383046309507090E-002   1.4564929662013790E-002   1.5093500579158701E-002   1.5794950436859086E-002   1.6471840978141888E-002   1.6728607303748672E-002   1.6217183142963526E-002   1.5238750321136696E-002   1.4793634555415713E-002   1.5234869747311799E-002   1.5859307809850436E-002   1.6096107046334164E-002   1.5767092344356512E-002   1.5060715068845839E-002   1.4270352537337489E-002   1.3646472559937039E-002   1.3358781169190209E-002   1.3507273626951876E-002   1.4105694943808023E-002   1.5090819349779003E-002   1.6238645981123560E-002   1.7312784882078974E-002   1.7882852113440012E-002   1.7576634870475529E-002   1.6741801891060077E-002   1.6461723686035525E-002   1.7080475812514623E-002   1.7825147646512465E-002   1.8087240809798660E-002   1.7696004892169354E-002   1.6906132359733747E-002   1.6099893640736666E-002   1.5603865038251657E-002   1.5572723060618956E-002   1.5987561621927021E-002   1.6530763612107740E-002   1.6860871912297799E-002   1.6322770746573977E-002   1.4345725018224252E-002   1.1361358279814498E-002   9.2208240717193100E-003   8.9494279835972568E-003   9.7587508686580726E-003   1.0972684998608361E-002   1.2284508134635316E-002   1.3545327537738546E-002   1.4408673021201955E-002   1.3760884266889629E-002   1.0696775201580019E-002   4.0902259635073931E-003  -2.4910041697932452E-003  -7.8880059352138231E-003  -3.7902307704831273E-003  -8.7183593677800757E-012
  -3.9224233137837244E-005 -0.14204346560677469      -0.32016483678914254      -0.45082408120912459      -0.53932705078961884      -0.58794557418258198      -0.60461137298528866      -0.59445260494041485      -0.56344476293192713      -0.52112989026324241      -0.47016063551380366      -0.41264041057117601      -0.34694149211399133      -0.28225401620889989      -0.21762137810711613      -0.15923110281447450       -7.6428014247187120E-002  -2.3741528699277717E-002  -1.5099721661986771E-002  -4.7315882225943261E-002  -7.0725244460713432E-002  -9.2157182711653712E-002 -0.10303761126230966      -0.10698597262371234      -0.10054317826696346       -8.7572769437756451E-002  -7.1772871348972159E-002  -5.0980141944493684E-002  -2.9481893795088299E-002  -1.0581556696796859E-002   8.4248884177189724E-003   2.4323179809449511E-002   3.6231803476272244E-002   4.3610185558184383E-002   4.5069467513143793E-002   4.5398809076724125E-002   4.3382657105828344E-002   3.8208279763515637E-002   3.4526693763981181E-002   3.0605049940175252E-002   2.5091870628697898E-002   2.2384331721669683E-002   2.0814816487464173E-002   2.0293785469479395E-002   2.0509665289683864E-002   1.9744598747094007E-002   2.1831261931989095E-002   2.4650364536969675E-002   2.6005443139544442E-002   2.8900302623658017E-002   3.0903974019518592E-002   3.0371768803872910E-002   3.1406473439335433E-002   3.2296276504974956E-002   3.2750940204627550E-002   3.2755391728377527E-002   3.2022251176248462E-002   3.1972825066478736E-002   3.1073916276046179E-002   3.0508061111775970E-002   3.1012743611767389E-002   3.1667792297549575E-002   3.1864490005153102E-002   3.1755602949442421E-002   3.1732620707271696E-002   3.1977834557165109E-002   3.2360220242485797E-002   3.2662604358996893E-002   3.2764670534936105E-002   3.2752200655927217E-002   3.2758868721938894E-002   3.2967226171539202E-002   3.3155181719111630E-002   3.2873250500748984E-002   3.2080444614678467E-002   3.1651133497567839E-002   3.2015331876218731E-002   3.2427548501338985E-002   3.2464096412870937E-002   3.2186390944895775E-002   3.1892869137756692E-002   3.1745794895815596E-002   3.1691302754961959E-002   3.1608221128178147E-002   3.1440264064198316E-002   3.1277937821244918E-002   3.1212762376511410E-002   3.1368440928448107E-002   3.1498396356634921E-002   3.1180100183782644E-002   3.0345101671166563E-002   2.9835795707871066E-002   3.0125035031804418E-002   3.0488659972037001E-002   3.0490233661350737E-002   3.0173736185227586E-002   2.9835058084189420E-002   2.9655030059872314E-002   2.9603171515579309E-002   2.9545081186293835E-002   2.9387857775604383E-002   2.9138069061502805E-002   2.8925477646018754E-002   2.8844087670413972E-002   2.8987003032056619E-002   2.9080383002255142E-002   2.8694748659755465E-002   2.7835374582955829E-002   2.7376741812406305E-002   2.7744441484955185E-002   2.8211786012778312E-002   2.8318924106294680E-002   2.8066153473877108E-002   2.7717861035915788E-002   2.7455642879576258E-002   2.7278535100675596E-002   2.7115319024095374E-002   2.6934654118297308E-002   2.6813300225296068E-002   2.6799498616041448E-002   2.6946400017602855E-002   2.6977081642568110E-002   2.6495337085677365E-002   2.5584025205810129E-002   2.5133520749830166E-002   2.5531455712703880E-002   2.6061521464449348E-002   2.6245196238718686E-002   2.6042342013995589E-002   2.5691689627842074E-002   2.5383570764311036E-002   2.5151519740701268E-002   2.4959812646358413E-002   2.4793766846141506E-002   2.4718845582833205E-002   2.4752494828405164E-002   2.4913280270804649E-002   2.4914818894629692E-002   2.4380601476664467E-002   2.3415624932140115E-002   2.2919851598042357E-002   2.3298184563402661E-002   2.3851592219704291E-002   2.4089423322650169E-002   2.3945499535717060E-002   2.3641661582047509E-002   2.3368665751854142E-002   2.3169096380024842E-002   2.2993821969164753E-002   2.2810357048039177E-002   2.2645398014374030E-002   2.2593649163027016E-002   2.2673219186722226E-002   2.2872821083989688E-002   2.2884796965335227E-002   2.2334556680014009E-002   2.1425115819257275E-002   2.1078490669707239E-002   2.1600222123194065E-002   2.2261385572100421E-002   2.2544903645335280E-002   2.2356873419988189E-002   2.1918963984294527E-002   2.1463812103134802E-002   2.1108070629139171E-002   2.0894455381868900E-002   2.0843938853243406E-002   2.0994779136221890E-002   2.1291582686563636E-002   2.1659531424906214E-002   2.1766728196984546E-002   2.1254629133677427E-002   2.0347865902401542E-002   1.9982905078589137E-002   2.0487744819420433E-002   2.1146429744578334E-002   2.1423399249587315E-002   2.1196361946298592E-002   2.0676698505149051E-002   2.0120414883536511E-002   1.9690035418389172E-002   1.9469704292527774E-002   1.9493490805376400E-002   1.9774272703801291E-002   2.0204884342481483E-002   2.0652618041560308E-002   2.0755792146767500E-002   2.0163097941799421E-002   1.9147895375190908E-002   1.8675288621642850E-002   1.9073246773910341E-002   1.9641711142823044E-002   1.9839731283507526E-002   1.9522002366198322E-002   1.8882098285997115E-002   1.8174976787478554E-002   1.7579784147892522E-002   1.7193418543898630E-002   1.7076611236228532E-002   1.7258069484647056E-002   1.7739991149165215E-002   1.8387582080932871E-002   1.9041487961059669E-002   1.9309128879048933E-002   1.8813019272331668E-002   1.7866542643940754E-002   1.7508787253620813E-002   1.8049894691961287E-002   1.8713753397985856E-002   1.8918242397334504E-002   1.8525044475033489E-002   1.7799550209762004E-002   1.7103741772546657E-002   1.6730413603834236E-002   1.6817652673857798E-002   1.7366033008449935E-002   1.8102732125088748E-002   1.8720221582757809E-002   1.8546470811327497E-002   1.6926977301482824E-002   1.4157429635576821E-002   1.1941673292029067E-002   1.1203852333710011E-002   1.1163146611468423E-002   1.1287644627926811E-002   1.1535982123102773E-002   1.2085404297864465E-002   1.2870394474850793E-002   1.2873268827359553E-002   1.0982775582912318E-002   5.5646074221136228E-003  -4.1940078782273939E-004  -6.1597661227026212E-003  -3.0982983194633822E-003  -2.1689317009089482E-011
  -3.9228290435233376E-005 -0.14734261619859954      -0.32733184448175168      -0.45500570972966070      -0.53671953523769689      -0.57527689251213421      -0.57744214266015703      -0.55496562406509042      -0.50872817592042585      -0.45361252874586205      -0.39251691325675181      -0.33354147962379677      -0.26481441059365901      -0.18035484301219512      -0.10807626851012882       -6.9834753992587220E-002  -2.2218962648399350E-002  -8.1540701937172069E-002 -0.10637907373094002      -0.12323592696688949      -0.13534420856098520      -0.13955876201543729      -0.13650359749315938      -0.12835530990222219      -0.11239239783891108       -9.3004937463272666E-002  -7.3796028422130289E-002  -5.2561537863221763E-002  -3.3338857123666174E-002  -1.8908244808389735E-002  -5.8691574696897019E-003   3.3192673292831141E-003   8.4951682455634836E-003   9.7313139131344796E-003   6.0983268116395727E-003   2.6568487992862477E-003  -1.7358498907322794E-003  -7.9816560604437214E-003  -1.1630392812636729E-002  -1.4684576251050154E-002  -1.8777528967244234E-002  -1.9769878693587074E-002  -1.9564289009334178E-002  -1.8455858731626064E-002  -1.6920658584857976E-002  -1.6777152275509584E-002  -1.4219026763240265E-002  -1.1328769180465888E-002  -1.0206407749007025E-002  -7.7203453980276256E-003  -6.1929325588124156E-003  -7.1908736385761047E-003  -6.5518436208316334E-003  -5.9394719915641528E-003  -5.5963287683180553E-003  -5.5027528095017344E-003  -5.9458401757392079E-003  -5.5546749197179016E-003  -5.9478619210342840E-003  -6.0217215650264031E-003  -5.0810633047978834E-003  -4.0475558763574419E-003  -3.5068591571304980E-003  -3.2843450103137131E-003  -2.9858234479424673E-003  -2.4437418955451260E-003  -1.8051874468915559E-003  -1.2900848013227377E-003  -1.0044768917212954E-003  -8.3604819986449739E-004  -6.2062379750274196E-004  -1.5200803445069013E-004   3.5262792058570174E-004   4.2560670589015962E-004  -7.9953016271821887E-006  -1.0933026933670535E-004   5.3047610831621764E-004   1.1729330592744611E-003   1.4258923378396315E-003   1.3848559233900952E-003   1.3623193944024767E-003   1.5087886645592677E-003   1.7446560158236779E-003   1.9262571013358757E-003   1.9898260399819107E-003   2.0365933493062369E-003   2.1818477691979378E-003   2.5737263803912265E-003   2.9760125384362432E-003   2.9560010371187076E-003   2.4196276407646451E-003   2.1794207439886099E-003   2.6885893036496396E-003   3.2289468177109175E-003   3.3943190780649150E-003   3.2630269922551240E-003   3.1477422194568336E-003   3.2226518371540861E-003   3.4375439657126240E-003   3.6389301502867955E-003   3.7228231796697813E-003   3.6945685461747635E-003   3.6932105619998561E-003   3.8305237410345772E-003   4.2172575988864555E-003   4.5841883008211712E-003   4.4876442924019436E-003   3.9056802960593623E-003   3.6846155599407054E-003   4.2358867065876871E-003   4.8475598101804483E-003   5.1000790097850508E-003   5.0359090707910760E-003   4.9372328579574982E-003   4.9697732339108944E-003   5.0952956418790956E-003   5.2069843548743864E-003   5.2588835693708012E-003   5.3404821958633383E-003   5.5311383871339990E-003   5.9139070999956406E-003   6.2211468629059970E-003   6.0399075030102330E-003   5.4202343037932183E-003   5.2197465133702456E-003   5.8101173577401431E-003   6.4905508233398584E-003   6.8250391749711771E-003   6.8180679125276877E-003   6.7272828493238554E-003   6.7255240294841244E-003   6.8049143515760023E-003   6.8898957369741961E-003   6.9498422724400717E-003   7.0655830198852769E-003   7.2906073013018760E-003   7.6779176023187325E-003   7.9529021906478165E-003   7.7225976629700351E-003   7.0575457746033287E-003   6.8217192856404414E-003   7.3997286891430208E-003   8.1039486310218595E-003   8.4842989478343903E-003   8.5212244718576250E-003   8.4615110726498129E-003   8.4859801072546537E-003   8.6002163833719374E-003   8.7116816334447920E-003   8.7588607039312608E-003   8.7661029398155461E-003   8.8526349511218929E-003   9.0753636419584945E-003   9.4554339805656348E-003   9.6933040575309312E-003   9.3959475814546431E-003   8.7338134969198733E-003   8.5985244742199582E-003   9.2829139899699743E-003   1.0076346083503388E-002   1.0504934695820620E-002   1.0516613353806300E-002   1.0344401180405567E-002   1.0190752605830324E-002   1.0115658246354291E-002   1.0110062726024851E-002   1.0176400490842563E-002   1.0376723301648325E-002   1.0707072102747970E-002   1.1142998289135921E-002   1.1376749464812541E-002   1.1042148054962135E-002   1.0336320584792382E-002   1.0165329606845583E-002   1.0840351422437895E-002   1.1657016951943296E-002   1.2115397706768892E-002   1.2128057961626297E-002   1.1911717777886053E-002   1.1686878656169580E-002   1.1555042735247328E-002   1.1546595492380997E-002   1.1678946250364646E-002   1.1994411555070094E-002   1.2444601086278302E-002   1.2953625774782545E-002   1.3188080406236386E-002   1.2790877599463856E-002   1.2007735403101601E-002   1.1771038978205958E-002   1.2387707445332624E-002   1.3164619789580806E-002   1.3593338090913655E-002   1.3563316528706340E-002   1.3275791157086134E-002   1.2951245432623609E-002   1.2701900760823892E-002   1.2554247097697945E-002   1.2527553379832600E-002   1.2657521629530082E-002   1.2999179765737938E-002   1.3492873785097760E-002   1.4044543523043311E-002   1.4292774717449278E-002   1.3854043049101507E-002   1.3011738607166565E-002   1.2768525377996758E-002   1.3409465344512699E-002   1.4161394360192110E-002   1.4469262723880058E-002   1.4222143040379581E-002   1.3687454631032832E-002   1.3197980486429721E-002   1.3007081401551145E-002   1.3236962237469611E-002   1.3917384840917113E-002   1.4840885773233281E-002   1.5765278438498703E-002   1.6040543883462897E-002   1.4967409961113095E-002   1.2734229166110757E-002   1.0904847139001252E-002   1.0279661419870183E-002   1.0030220693629115E-002   9.6885265627328718E-003   9.3917656647960670E-003   9.5751643378539607E-003   1.0428837579293217E-002   1.1062805023602835E-002   1.0244865143747109E-002   5.9455333403423674E-003   6.1823696859128496E-004  -5.2416768238106167E-003  -2.8732036131637389E-003  -1.7831069953913524E-011
  -3.9231833567688342E-005 -0.15018619704476352      -0.32963569496242490      -0.45370652176959836      -0.52229895173990093      -0.55154860406749051      -0.53890414926374264      -0.49921336889167750      -0.43791289929313360      -0.36898261208586963      -0.30260360169300765      -0.23845106181652995      -0.17665540974501129       -8.3749404228222718E-002  -2.6017672910053184E-002  -1.5546578490586657E-002  -4.8253328811744378E-002  -7.1203569898449129E-002  -9.3024922681746364E-002  -9.9826997466386999E-002  -9.7921496264252089E-002  -8.9171067869589837E-002  -7.4969700916441076E-002  -5.8817529531503709E-002  -3.8005168077385826E-002  -1.6841004505982703E-002   1.3541235478512265E-003   1.9235474320948985E-002   3.3299988469081394E-002   4.1398623891816200E-002   4.7615322509462439E-002   5.0137585229141378E-002   4.9346091114845350E-002   4.5703836215347175E-002   3.8501166030384532E-002   3.2841409885927833E-002   2.7460789652276912E-002   2.1224037859867272E-002   1.8292255638307570E-002   1.6360650138816983E-002   1.3530812264827314E-002   1.3739733315450822E-002   1.4932741496129089E-002   1.6707903815093274E-002   1.8524682893754030E-002   1.8553213871893560E-002   2.0643059795888472E-002   2.2795670732050216E-002   2.3031323436636546E-002   2.4611616875093979E-002   2.5308599958061444E-002   2.3606462922622633E-002   2.3689490666425856E-002   2.3899526909328773E-002   2.4000594427788177E-002   2.4014047205864527E-002   2.3634568088579087E-002   2.4180264944624243E-002   2.3957612120406008E-002   2.4007179310245767E-002   2.4996043517884554E-002   2.6010730944792997E-002   2.6494433638453180E-002   2.6648335174177907E-002   2.6875501636058476E-002   2.7336472864103140E-002   2.7874791614746756E-002   2.8270144177844986E-002   2.8426999030213129E-002   2.8475055547920611E-002   2.8597453583302641E-002   2.9014269328981677E-002   2.9508766200523364E-002   2.9596929479923432E-002   2.9176146391290042E-002   2.9056917554640960E-002   2.9631473107232378E-002   3.0167878867294395E-002   3.0300634771136089E-002   3.0153376213534710E-002   3.0049492743921005E-002   3.0129005572974734E-002   3.0290909265995026E-002   3.0373396391737816E-002   3.0306846558950794E-002   3.0201166238000288E-002   3.0190924930961122E-002   3.0444543542599876E-002   3.0735069555594362E-002   3.0622522888618383E-002   2.9992742910854023E-002   2.9634025501852953E-002   2.9982798409928495E-002   3.0324818847654093E-002   3.0277565716942331E-002   2.9945789187701105E-002   2.9653777146749757E-002   2.9568822530368740E-002   2.9624903906981536E-002   2.9654898187611738E-002   2.9547923381680431E-002   2.9309327015489908E-002   2.9085584081739314E-002   2.9002805335871139E-002   2.9186857503726963E-002   2.9373588515820143E-002   2.9108790581489453E-002   2.8348292449452611E-002   2.7914124525497599E-002   2.8204068451501814E-002   2.8516902589195488E-002   2.8465968806934999E-002   2.8128860717955617E-002   2.7802813692089139E-002   2.7640780233816758E-002   2.7574433939837047E-002   2.7468784106387964E-002   2.7267338389434511E-002   2.7071597037936216E-002   2.6987790841016844E-002   2.7124205363114332E-002   2.7220315927638666E-002   2.6847734900773017E-002   2.6027142383665273E-002   2.5586839649133952E-002   2.5883789597005966E-002   2.6230382051207850E-002   2.6227934618260767E-002   2.5920642554934009E-002   2.5583933713831063E-002   2.5377202166457332E-002   2.5258648698109065E-002   2.5120050940144991E-002   2.4918166805233243E-002   2.4747343770698083E-002   2.4691562428204909E-002   2.4832304346859513E-002   2.4903447115092646E-002   2.4496044547890009E-002   2.3649214876033092E-002   2.3194458564171915E-002   2.3497845332103209E-002   2.3881506848081147E-002   2.3931294595649171E-002   2.3669631102833266E-002   2.3367293492872216E-002   2.3199800217750248E-002   2.3144723338413272E-002   2.3075792204649580E-002   2.2908684008031789E-002   2.2665536775904965E-002   2.2484157853572027E-002   2.2450816628664206E-002   2.2610031322090805E-002   2.2664823057453702E-002   2.2202543489929751E-002   2.1362978099511837E-002   2.1010543008330832E-002   2.1428052296156640E-002   2.1923965561984622E-002   2.2066754593982232E-002   2.1845965427686371E-002   2.1508919566007246E-002   2.1234754150395097E-002   2.1035517097745697E-002   2.0857082878504421E-002   2.0684536775328700E-002   2.0598259418561474E-002   2.0635405353940831E-002   2.0810376696670040E-002   2.0830309203556774E-002   2.0316057431624280E-002   1.9435661601900696E-002   1.9066189528605317E-002   1.9505157268035370E-002   2.0063099651211051E-002   2.0278549759266611E-002   2.0102330043988963E-002   1.9762082129731622E-002   1.9450919396845980E-002   1.9218129617055022E-002   1.9046543325252838E-002   1.8937659110819339E-002   1.8957859979402067E-002   1.9107993590527485E-002   1.9358751874759009E-002   1.9397101750197196E-002   1.8855858641500134E-002   1.7952053194876673E-002   1.7586968079023445E-002   1.8049766387947114E-002   1.8657803002315683E-002   1.8938377936151142E-002   1.8819742538539175E-002   1.8517389983256322E-002   1.8227050809199022E-002   1.8005137048271922E-002   1.7816639019447439E-002   1.7642287957603399E-002   1.7519683176679370E-002   1.7544371139192862E-002   1.7715715154355906E-002   1.7989519277863332E-002   1.8024430789140788E-002   1.7425617882018095E-002   1.6446614135244425E-002   1.6057885185980253E-002   1.6525355608134923E-002   1.7083222461822301E-002   1.7204086622251102E-002   1.6801058624659658E-002   1.6137889966610024E-002   1.5512094628284389E-002   1.5132644440302979E-002   1.5103274838492178E-002   1.5484597543601772E-002   1.6143204015536171E-002   1.6920569512861739E-002   1.7216840146494803E-002   1.6322039217182671E-002   1.4349043177096331E-002   1.2741033308750418E-002   1.2171337511720099E-002   1.1731870954638117E-002   1.0960557276513185E-002   1.0102116854063549E-002   9.7862194136557872E-003   1.0424982163942281E-002   1.1269183043913058E-002   1.1028362159528441E-002   7.3727246626827045E-003   2.3366377959199033E-003  -3.8602018330334631E-003  -2.3066863030508523E-003   4.4433789980786267E-011
  -3.9235966247629278E-005 -0.15058683695030975      -0.32645619848578405      -0.44216729077288475      -0.49801116640305804      -0.51405194661330622      -0.49131533835994867      -0.42861509083922389      -0.35539893661184085      -0.27088361789304827      -0.19088467283596419      -0.12171098598803125       -7.8592316531694253E-002  -2.1743427585454791E-002  -8.4479706023903048E-002 -0.11115387148992133      -0.12865015597436658      -0.14145214945967713      -0.14791078534854704      -0.14277320384754566      -0.12985947768450776      -0.11190285011374676       -9.1200321544407548E-002  -7.1447299675462372E-002  -4.9799854376898711E-002  -3.0147013528350124E-002  -1.5285738827131483E-002  -1.9868486104942084E-003   6.8196301809713665E-003   9.5384522565668487E-003   1.0760035151369429E-002   9.0812934573343707E-003   5.1595068149667012E-003  -4.1612327108889072E-004  -8.3717816576924075E-003  -1.3748491320178639E-002  -1.8055818324732711E-002  -2.2722340246701351E-002  -2.3876223452446388E-002  -2.4076066194277459E-002  -2.5403313612130680E-002  -2.4022755842516692E-002  -2.2034249461570395E-002  -1.9844928909557812E-002  -1.7973462831203605E-002  -1.8198498357460843E-002  -1.6591465733665541E-002  -1.5056173432798742E-002  -1.5463039853778986E-002  -1.4446800922540189E-002  -1.4174251601209624E-002  -1.6145684079912046E-002  -1.6189498336613897E-002  -1.5989235574739871E-002  -1.5798379074582682E-002  -1.5607486375101268E-002  -1.5740491821481507E-002  -1.4918847244022223E-002  -1.4888907469937145E-002  -1.4649799580415724E-002  -1.3544188803742609E-002  -1.2466443840432625E-002  -1.1939838579961814E-002  -1.1734817321771628E-002  -1.1437423512114507E-002  -1.0891236437417377E-002  -1.0259998285571930E-002  -9.7653415890337509E-003  -9.4971608432088701E-003  -9.3162706870207456E-003  -9.0290977422956050E-003  -8.4077934205132408E-003  -7.6698459906370132E-003  -7.3114450445522896E-003  -7.4553352500294663E-003  -7.3115798332103717E-003  -6.4997220780785908E-003  -5.7453396294964622E-003  -5.3919166852636124E-003  -5.2934565029112224E-003  -5.1189566334659377E-003  -4.7382254032749772E-003  -4.2703990836942722E-003  -3.8922781342379605E-003  -3.6786092543377212E-003  -3.5132526226705641E-003  -3.2468828499921205E-003  -2.6949952087802955E-003  -2.0767059364083518E-003  -1.8370862363964238E-003  -2.1057248193924352E-003  -2.1135936816991624E-003  -1.4383022470256014E-003  -7.9183018261478656E-004  -5.3889378089766785E-004  -5.5535565785961184E-004  -5.0996883896924094E-004  -2.4289020561140345E-004   1.6673840164038459E-004   5.4182583159704048E-004   7.6711601227868120E-004   8.4817513329723258E-004   9.3681017554706413E-004   1.1702219996652984E-003   1.6870195239632416E-003   2.2284552641292370E-003   2.3330116773113588E-003   1.9388094845958694E-003   1.8471383567177761E-003   2.4425930359331465E-003   3.0306020503369250E-003   3.2498605353985530E-003   3.2056278215601345E-003   3.2066200686458831E-003   3.3948363809166030E-003   3.6774348558204148E-003   3.8971129461051256E-003   3.9898329241755291E-003   4.0680332438319984E-003   4.2609376185318779E-003   4.6982261643270127E-003   5.1253641000950159E-003   5.1007552112246838E-003   4.6198177147599015E-003   4.4852109758768818E-003   5.0402238075909602E-003   5.6072472144340444E-003   5.8183449370079353E-003   5.7507859415636088E-003   5.6947974740748945E-003   5.7985465739372709E-003   5.9921648494197250E-003   6.1407245232375429E-003   6.1911542890691123E-003   6.2497267664014516E-003   6.4263510157152471E-003   6.8265244903677746E-003   7.1910718201851275E-003   7.0971800885903788E-003   6.5568924471055357E-003   6.3735072071144164E-003   6.8963896343756000E-003   7.4549889252370034E-003   7.6648890652129082E-003   7.5837259607868983E-003   7.5028623049147609E-003   7.5945746185158815E-003   7.8150245259170983E-003   8.0121449424449109E-003   8.0844298251804871E-003   8.0527723066645077E-003   8.0697763750831666E-003   8.2446761920111477E-003   8.6396101238150492E-003   8.9576395242750087E-003   8.7675743677770365E-003   8.1816416131382207E-003   8.0401784388326805E-003   8.6173621749293904E-003   9.2391232095424113E-003   9.5124414652194844E-003   9.4653491293388951E-003   9.3602502023374754E-003   9.3587136285406981E-003   9.4335275960892202E-003   9.4930718622078664E-003   9.5078306172947658E-003   9.5730885769250342E-003   9.7591641661293593E-003   1.0110346541185941E-002   1.0341954611489120E-002   1.0058709783187115E-002   9.3993315998034503E-003   9.2133940273751054E-003   9.7865805456813278E-003   1.0444985110977021E-002   1.0765079693343607E-002   1.0736175148514927E-002   1.0600167906645228E-002   1.0529882967948070E-002   1.0531243500656163E-002   1.0546352987677261E-002   1.0562255850631950E-002   1.0664522864301487E-002   1.0893976363902108E-002   1.1257886424707429E-002   1.1456073108575731E-002   1.1107409763564358E-002   1.0399489408169680E-002   1.0203832463833148E-002   1.0794045604587897E-002   1.1499576849562413E-002   1.1884446669418104E-002   1.1917929582277885E-002   1.1835665360817853E-002   1.1819064460185295E-002   1.1881852353136896E-002   1.1939299946273990E-002   1.1939713346388922E-002   1.1920506926905123E-002   1.2007962754093156E-002   1.2246294848251257E-002   1.2627209792988920E-002   1.2819443395880471E-002   1.2412405086172895E-002   1.1630368002525525E-002   1.1415880161116209E-002   1.2021474798841081E-002   1.2693017165394756E-002   1.2931931424333328E-002   1.2673750098286403E-002   1.2175550575513958E-002   1.1696065001906194E-002   1.1395569246027892E-002   1.1353685123387816E-002   1.1655786532267108E-002   1.2239213529929703E-002   1.3033121684752562E-002   1.3502444289434125E-002   1.2951135355445295E-002   1.1446018701143697E-002   1.0335147280231532E-002   1.0176206661581146E-002   9.9704723717548328E-003   9.2268929607305129E-003   8.2463614508285158E-003   7.8002433926813875E-003   8.4877037941076035E-003   9.7006498153800139E-003   1.0133955201072666E-002   7.2341977685762664E-003   2.6949954459957858E-003  -3.5038932436346993E-003  -2.3338941015916851E-003   1.8829382497650244E-012
  -3.9237349537477295E-005 -0.14980851046397226      -0.31055282393032818      -0.40432440734950770      -0.46487872564475813      -0.45236753121932766      -0.42341001233578224      -0.34677273624169136      -0.24478029677604804      -0.14918093135494181       -8.4131028631622848E-002  -3.2743049126757129E-002  -1.0786327917346022E-002  -4.2344909315731573E-002  -6.4446498802480254E-002  -8.7978724165218306E-002  -9.6187646917813702E-002  -9.6282846030023905E-002  -9.1756559319384298E-002  -7.7672454163670315E-002  -5.8759070598861408E-002  -3.7538364117098391E-002  -1.6181240289027808E-002   1.9325119395930464E-003   2.0174196054767699E-002   3.5258876489385679E-002   4.4995727277653823E-002   5.3156934973434017E-002   5.7257660556287795E-002   5.6048641588071976E-002   5.4361412193293303E-002   5.0914750995709690E-002   4.6364873760552094E-002   4.1185628522256643E-002   3.4448731518978835E-002   3.0850427020060384E-002   2.8587421978530328E-002   2.5953152516544471E-002   2.6594100476721425E-002   2.7794329441206155E-002   2.7399911954158331E-002   2.9252306649961556E-002   3.1303180936293598E-002   3.3217924964198162E-002   3.4552842035294372E-002   3.3606695355994268E-002   3.4386266671893241E-002   3.5061178667476857E-002   3.3834316320973425E-002   3.4131220360438266E-002   3.3805746779967220E-002   3.1340126991332318E-002   3.0867950224017834E-002   3.0663954013550866E-002   3.0449538276474813E-002   3.0223434485431029E-002   2.9654645513871782E-002   3.0002526549042272E-002   2.9493348390373760E-002   2.9111389780991728E-002   2.9519890256595675E-002   2.9850670076071281E-002   2.9614438070394884E-002   2.9066691566126287E-002   2.8630294236770343E-002   2.8456980592653246E-002   2.8375376093196011E-002   2.8160774724177270E-002   2.7725181227287999E-002   2.7212266715761997E-002   2.6821364056419151E-002   2.6785748841112338E-002   2.6888798744673027E-002   2.6627908113015467E-002   2.5868308836507453E-002   2.5387189195356961E-002   2.5558088418762510E-002   2.5662064113375911E-002   2.5373994446823596E-002   2.4857689117426064E-002   2.4449569204831677E-002   2.4271342922577339E-002   2.4189336331024842E-002   2.4015172797541770E-002   2.3670265421308789E-002   2.3275525536955957E-002   2.2991704249011681E-002   2.3016237689856105E-002   2.3136996951079895E-002   2.2906161805276493E-002   2.2183314245667298E-002   2.1723281076776429E-002   2.1937650025033114E-002   2.2116242706757404E-002   2.1908151198133295E-002   2.1451924727065474E-002   2.1082824569640089E-002   2.0953591325830360E-002   2.0974654390429722E-002   2.0962063019963575E-002   2.0798159177109473E-002   2.0488843622881371E-002   2.0189559739445084E-002   2.0045942674507981E-002   2.0207381687382061E-002   2.0420894893846277E-002   2.0220723898539048E-002   1.9531729344566831E-002   1.9138328188206859E-002   1.9413093243570656E-002   1.9665157240274896E-002   1.9552299845368437E-002   1.9201015504946475E-002   1.8928371014940912E-002   1.8866945928260472E-002   1.8904112007754222E-002   1.8865100143029792E-002   1.8680554939431205E-002   1.8472522747184261E-002   1.8389561024962350E-002   1.8579429652959112E-002   1.8793036929219374E-002   1.8578382333528945E-002   1.7910233688140525E-002   1.7569736233584144E-002   1.7887823930861142E-002   1.8193909838459942E-002   1.8144306672831411E-002   1.7842558251006564E-002   1.7590201779402768E-002   1.7525551083743780E-002   1.7555498246666235E-002   1.7523450779180397E-002   1.7368763599345936E-002   1.7208045940497217E-002   1.7173055293111011E-002   1.7389632151283720E-002   1.7604863155670118E-002   1.7384996686872017E-002   1.6719995278492199E-002   1.6389665697678760E-002   1.6728624700797473E-002   1.7071083974992161E-002   1.7055778251748078E-002   1.6768027875088309E-002   1.6515118610061899E-002   1.6466409688409421E-002   1.6561280353753479E-002   1.6628058376054654E-002   1.6552692989652978E-002   1.6355910808191709E-002   1.6202523795250501E-002   1.6220260591987463E-002   1.6485311260519303E-002   1.6700232419254526E-002   1.6417865938048653E-002   1.5726768176833796E-002   1.5446268378765745E-002   1.5842309496478198E-002   1.6254970709983281E-002   1.6323742487369935E-002   1.6109750855859285E-002   1.5889217778452529E-002   1.5810351015821275E-002   1.5814509044369391E-002   1.5780083732063733E-002   1.5666441074790420E-002   1.5581844694466770E-002   1.5623984091855532E-002   1.5860715603652212E-002   1.6011657538394328E-002   1.5664842493726287E-002   1.4931309944335671E-002   1.4635318636151811E-002   1.5051747107939797E-002   1.5520822042597674E-002   1.5653531416614182E-002   1.5474830818440978E-002   1.5241576331291289E-002   1.5111626797245738E-002   1.5055570398609502E-002   1.4981614503498107E-002   1.4864401383473948E-002   1.4804818073434865E-002   1.4875736931205346E-002   1.5112656488466580E-002   1.5222584718773972E-002   1.4808406317427221E-002   1.4028794958820170E-002   1.3727085132786648E-002   1.4162372000591844E-002   1.4675339970567199E-002   1.4864278863950640E-002   1.4737915552754374E-002   1.4554411603887771E-002   1.4488583172695703E-002   1.4522997821714310E-002   1.4534591551836359E-002   1.4446077742314047E-002   1.4294254187688713E-002   1.4228711166982317E-002   1.4327170253717969E-002   1.4606331865537654E-002   1.4738026223785311E-002   1.4294029392649463E-002   1.3471763757424303E-002   1.3190994794600104E-002   1.3696620051668801E-002   1.4250231566410235E-002   1.4383485115060086E-002   1.4054052377291936E-002   1.3511832463687388E-002   1.2976215809691124E-002   1.2556456221904282E-002   1.2301770647190685E-002   1.2311715145487411E-002   1.2582517680306469E-002   1.3123440889459515E-002   1.3466265121161043E-002   1.2942725385537229E-002   1.1596753998757682E-002   1.0707256786263008E-002   1.0735743811792233E-002   1.0596698327204227E-002   9.7538551195648915E-003   8.5305844795639570E-003   7.7986032095485915E-003   8.3105826398720811E-003   9.5910083415340977E-003   1.0348020935485961E-002   7.8650173033725911E-003   3.5624990858527002E-003  -2.7853574547176555E-003  -2.0703877248861801E-003  -1.9692691921600896E-011
  -3.9249604707067748E-005 -0.14411375878260155      -0.27681606196790232      -0.34422953538904533      -0.41410913383682363      -0.37528952948919420      -0.31719691566680702      -0.24784291637723119      -0.11610835779261310       -4.0204237605229835E-002  -2.3617794566792583E-002  -8.5855565942664122E-002 -0.11048177188835512      -0.12421266967195659      -0.13518826932969744      -0.14248540662325485      -0.13908891264700188      -0.12944081177229333      -0.11777118396952441       -9.9807834720426522E-002  -8.0165601658708938E-002  -6.0962687188679539E-002  -4.3713523538918081E-002  -3.1067758098309084E-002  -1.8903532049885870E-002  -9.8186588022906914E-003  -5.4369108181150736E-003  -1.5734080808557586E-003  -4.6545555526213513E-004  -3.2593700450293142E-003  -5.1443502255517984E-003  -7.5319840040200432E-003  -9.9851400799846023E-003  -1.2311016678496812E-002  -1.5743917247993330E-002  -1.5889599308985924E-002  -1.4824528909455610E-002  -1.4466241466853474E-002  -1.1297722134189689E-002  -8.0841524703426856E-003  -6.9493766120669953E-003  -3.9608146537980600E-003  -1.0515389122742152E-003   1.5555402086880703E-003   3.5067181314955872E-003   3.1698891527270371E-003   4.6013615127342127E-003   6.0032375370712909E-003   5.6037220288649298E-003   6.8408301734632264E-003   7.5512489124566077E-003   6.1737789685090425E-003   6.7886292714759051E-003   7.6238044970719839E-003   8.3768428889548201E-003   9.0429013058754247E-003   9.2966603914118352E-003   1.0395705636414324E-002   1.0558156636756945E-002   1.0766385266152928E-002   1.1696529332449607E-002   1.2505731919708231E-002   1.2732162868534911E-002   1.2649109841848241E-002   1.2681795615161699E-002   1.2973201526648138E-002   1.3341582546431145E-002   1.3556275987267666E-002   1.3527613589708004E-002   1.3399899311222327E-002   1.3375044676774720E-002   1.3690416628972846E-002   1.4131846449472373E-002   1.4194777143429173E-002   1.3738358503108955E-002   1.3532432515805043E-002   1.3946670939853249E-002   1.4268080921654906E-002   1.4185965388634538E-002   1.3877536431461742E-002   1.3682617912630136E-002   1.3715728605701003E-002   1.3831969350766677E-002   1.3834520867325376E-002   1.3642231078754678E-002   1.3379690429600900E-002   1.3216375864978138E-002   1.3360039177202720E-002   1.3604857643190254E-002   1.3502224310146827E-002   1.2904791229112623E-002   1.2557594541770150E-002   1.2864658484686211E-002   1.3117939549038849E-002   1.2977705363675103E-002   1.2593546608267361E-002   1.2303175522935236E-002   1.2253361831105319E-002   1.2346929862867275E-002   1.2395916910623013E-002   1.2281991280394783E-002   1.2011572161469098E-002   1.1742459012903595E-002   1.1626631337918122E-002   1.1822686696048119E-002   1.2083832939186228E-002   1.1942895686323484E-002   1.1315703331007993E-002   1.0973823544626024E-002   1.1279883159157511E-002   1.1545300881760569E-002   1.1442407264040827E-002   1.1114035445621026E-002   1.0883456252907988E-002   1.0875653223166606E-002   1.0962673829825161E-002   1.0956621645656419E-002   1.0784650497462585E-002   1.0577004129546652E-002   1.0498186371244972E-002   1.0711181122066293E-002   1.0972262668691175E-002   1.0822160926408954E-002   1.0219867596778995E-002   9.9295005705999622E-003   1.0271680311311600E-002   1.0580878020000659E-002   1.0532240159927472E-002   1.0249692834909289E-002   1.0043115521327221E-002   1.0042406671492053E-002   1.0135773249947969E-002   1.0149616645555304E-002   1.0017727924587036E-002   9.8655107861392501E-003   9.8428484113362805E-003   1.0092775611559923E-002   1.0368464611084040E-002   1.0228479339348610E-002   9.6458815103576800E-003   9.3819029669968846E-003   9.7588615849559402E-003   1.0113927200570621E-002   1.0103209315328201E-002   9.8327545516722192E-003   9.6211687842034811E-003   9.6346517598150088E-003   9.7993989787050380E-003   9.9291984262699570E-003   9.9012956881079622E-003   9.7371589481600636E-003   9.6117620592174480E-003   9.6679685504094982E-003   9.9938070764478311E-003   1.0292043893429208E-002   1.0103013505121546E-002   9.4959313460706591E-003   9.2722443605953789E-003   9.6898735918737548E-003   1.0099261198980075E-002   1.0165643728156776E-002   9.9767970480004447E-003   9.8202626333557166E-003   9.8338571702793615E-003   9.9343272677182449E-003   9.9769959679774419E-003   9.9135838302614274E-003   9.8640867953406642E-003   9.9491788722733277E-003   1.0255979308536826E-002   1.0506850063484823E-002   1.0274767141698251E-002   9.6463627428103136E-003   9.4235462449906871E-003   9.8712913273348770E-003   1.0341494552983440E-002   1.0474507689079066E-002   1.0326026957341590E-002   1.0166607784533785E-002   1.0142959483514315E-002   1.0197542773853031E-002   1.0211403228931808E-002   1.0149403089886341E-002   1.0125062521283685E-002   1.0237168766695788E-002   1.0543405893857497E-002   1.0754887565929978E-002   1.0458902859028625E-002   9.7875801579487276E-003   9.5585591189751521E-003   1.0017259967882042E-002   1.0513313719685009E-002   1.0674291958818968E-002   1.0543473483419939E-002   1.0400267171175002E-002   1.0417182181368665E-002   1.0554423447679234E-002   1.0660272156451959E-002   1.0638147309386640E-002   1.0524433739685366E-002   1.0486336563757397E-002   1.0626394046515816E-002   1.0978592965512011E-002   1.1214048247102133E-002   1.0887551657602046E-002   1.0173494168297367E-002   9.9741944463964255E-003   1.0531987952971495E-002   1.1127268793516181E-002   1.1322841050618600E-002   1.1098919832954754E-002   1.0699889216808993E-002   1.0308541631063747E-002   9.9842505881468958E-003   9.7418010022665008E-003   9.6841505966659344E-003   9.8511486502456287E-003   1.0318033083912286E-002   1.0676685159770093E-002   1.0291126878828853E-002   9.1980383299695677E-003   8.6299301344993900E-003   8.9744265294589200E-003   9.0719639206972621E-003   8.3378199168227807E-003   7.0975398217834043E-003   6.2913638849647260E-003   6.7945222488591467E-003   8.2502484580666575E-003   9.3967672647761579E-003   7.4018328125362697E-003   3.4709193083577710E-003  -2.7945869095970200E-003  -2.2337050005175095E-003  -1.2715162256435370E-011
  -3.9187083615080384E-005 -0.10832438200308586      -0.21276782213496406      -0.29217575443816934      -0.30393584053296480      -0.26836938824168460      -0.17089156089288471      -0.11678623395876084       -1.6455417481472355E-002  -8.4353758856324124E-002 -0.10567696201660197      -0.12237955677696817      -0.14078033205607637      -0.14363365120553523      -0.14012953153103477      -0.13541270146744502      -0.12290972158092281      -0.10817883604553781       -9.5232715318591496E-002  -7.9555079824299685E-002  -6.5256764699188785E-002  -5.3688488948523252E-002  -4.5483538377058770E-002  -4.2402336672090549E-002  -3.9520227695256191E-002  -3.8793875239830126E-002  -4.1395929107964836E-002  -4.2887975067114788E-002  -4.5445714290395019E-002  -5.0303374230614074E-002  -5.2847631157606573E-002  -5.4770401865085722E-002  -5.5959472501143366E-002  -5.6560301582719796E-002  -5.8122498721195077E-002  -5.6516667000117038E-002  -5.4021968058485768E-002  -5.2674141353080128E-002  -4.8984089458386691E-002  -4.5675472660760212E-002  -4.4770007925143566E-002  -4.2195191945589176E-002  -3.9744932246286439E-002  -3.7525417103884948E-002  -3.5812207148364382E-002  -3.6194752980295120E-002  -3.4602477909805390E-002  -3.2842249554664540E-002  -3.2701810970347196E-002  -3.0764289435483608E-002  -2.9235036496813673E-002  -2.9730952968788596E-002  -2.8227142555202082E-002  -2.6539024767097526E-002  -2.4986270463832418E-002  -2.3568932819810075E-002  -2.2597081067402359E-002  -2.0804091695077763E-002  -1.9970329420439494E-002  -1.9109805062220160E-002  -1.7533923300297863E-002  -1.6067388019476613E-002  -1.5155014813070413E-002  -1.4516376453746649E-002  -1.3732010708169651E-002  -1.2672750982785516E-002  -1.1533829627784391E-002  -1.0554494327048199E-002  -9.8290722323781960E-003  -9.2160175246275480E-003  -8.5138833316989494E-003  -7.4830153482111639E-003  -6.3349894722906823E-003  -5.5745020057338191E-003  -5.3459473056484512E-003  -4.8847187711239665E-003  -3.8246954633575987E-003  -2.8754256656765105E-003  -2.3379906573918552E-003  -2.0266729291607190E-003  -1.6010593747480528E-003  -9.5368916119280939E-004  -2.3867125520117197E-004   3.4069759666875043E-004   7.0096788362350589E-004   9.6841338079944959E-004   1.3178669441485746E-003   1.9642096207524245E-003   2.7064327815394334E-003   3.0956381630650011E-003   2.9794748475032071E-003   3.0957026078571666E-003   3.8425887954706200E-003   4.5139148774107855E-003   4.7785724128664789E-003   4.7941384534985381E-003   4.8990648638925849E-003   5.2346200632330531E-003   5.6978888775779703E-003   6.0988693850374254E-003   6.3195063396290696E-003   6.3662023733314617E-003   6.3971567205359141E-003   6.5681434851859273E-003   7.0450206629607583E-003   7.5870373164993871E-003   7.7273606959169404E-003   7.3757262035774327E-003   7.2939354978111600E-003   7.8364882813914474E-003   8.3162324115925116E-003   8.4165444204416864E-003   8.2926296708630519E-003   8.2720502325095546E-003   8.4736257790102645E-003   8.7578303463713703E-003   8.9272419923845398E-003   8.9066559290331467E-003   8.8324690988533933E-003   8.8813974964856990E-003   9.2286981157198474E-003   9.6358632858032662E-003   9.6390764346752870E-003   9.1857795282171330E-003   9.0270693647237481E-003   9.4753039658498506E-003   9.8687403594898328E-003   9.8970244095538621E-003   9.6995757168622226E-003   9.5920610193708875E-003   9.6973025574013678E-003   9.8890307284261215E-003   9.9809285296478152E-003   9.9028581100522404E-003   9.7871019342091903E-003   9.7978125117617991E-003   1.0092151396384618E-002   1.0429274415741947E-002   1.0363005325826088E-002   9.8540909939832215E-003   9.6496622206046316E-003   1.0062301136256812E-002   1.0431236430223189E-002   1.0425527733587053E-002   1.0166232464128490E-002   9.9791818280567310E-003   1.0026987506902415E-002   1.0225676667167800E-002   1.0378971056571462E-002   1.0358692295978531E-002   1.0187467881338005E-002   1.0048105745171296E-002   1.0095476565447558E-002   1.0427903659975523E-002   1.0749823401659184E-002   1.0592866257549941E-002   1.0011177383873976E-002   9.7913068840584858E-003   1.0183457288201928E-002   1.0545120815497768E-002   1.0561048280125811E-002   1.0339413298539435E-002   1.0176085038461704E-002   1.0200512344860866E-002   1.0310615971878387E-002   1.0344714198116752E-002   1.0249745238267490E-002   1.0155935491784477E-002   1.0202992852048230E-002   1.0494147395159146E-002   1.0754498807914799E-002   1.0544926647271649E-002   9.9317430938018324E-003   9.6977894285337762E-003   1.0099001183679041E-002   1.0496282181339956E-002   1.0553715856424698E-002   1.0351986363737395E-002   1.0172816713076332E-002   1.0154294459228431E-002   1.0217048218293820E-002   1.0221331151223877E-002   1.0124957768560611E-002   1.0051967670388644E-002   1.0122206308449240E-002   1.0411471942971144E-002   1.0634226172584558E-002   1.0364603596654949E-002   9.7120178770663413E-003   9.4717443968442734E-003   9.8766796432283050E-003   1.0282968624721885E-002   1.0341623727184555E-002   1.0123827165933283E-002   9.9262961372327020E-003   9.9205472325600806E-003   1.0050621983972366E-002   1.0144104114328756E-002   1.0090545292036346E-002   9.9260488512339737E-003   9.8305506614812018E-003   9.9246345570623094E-003   1.0254586097123533E-002   1.0489702030864986E-002   1.0170067704810333E-002   9.4509263123462826E-003   9.2211483810631170E-003   9.7234904740849844E-003   1.0258249780059408E-002   1.0419029176958090E-002   1.0208884538171566E-002   9.8694942660847006E-003   9.5523119015476360E-003   9.2714165930284382E-003   9.0067457513584061E-003   8.8564974645468832E-003   8.8897007906297374E-003   9.2316594313872156E-003   9.5229930072130431E-003   9.1574968239010370E-003   8.1727938062779257E-003   7.7725912719073861E-003   8.2923346054669406E-003   8.5157788312351344E-003   7.8145437385379497E-003   6.5042850170899886E-003   5.5677546928985426E-003   5.9735138154763806E-003   7.4689336179785968E-003   8.8334485385143258E-003   7.1583987693218162E-003   3.4828278760370051E-003  -2.7378458270715094E-003  -2.3004168669364536E-003   1.3180567748358510E-011
  -3.9737923553069337E-005  -8.1547879914006471E-002  -9.5909604391351169E-002 -0.16880861283034204      -0.14955652760625346      -0.14729436591357556       -4.3613573386595078E-002   1.4761847267076300E-002  -1.5723851913580806E-003  -2.5747749093044709E-003  -8.3490400907545621E-003  -6.0559895318683414E-003  -4.3568951757425225E-003   7.2910354527553241E-003   2.2990821285528637E-002   3.6969295362325558E-002   5.4840145542304562E-002   7.0904792251402698E-002   8.1350027420216312E-002   9.1260410789427968E-002   9.7257747811191148E-002   9.8837490228240593E-002   9.6230801678189939E-002   8.8474193116410693E-002   8.1152336170213293E-002   7.2776062129782132E-002   6.2457713061101240E-002   5.4736621368565636E-002   4.7376284730654042E-002   3.8957691287961893E-002   3.3840890103274318E-002   3.0033815680133701E-002   2.7344022869242840E-002   2.5339922098775204E-002   2.2231021052796909E-002   2.1973305764390303E-002   2.2176781415443561E-002   2.0783402491589161E-002   2.1334653980807871E-002   2.1207278384954148E-002   1.8507492350702745E-002   1.7455092517244666E-002   1.6382868704224510E-002   1.5283079041349065E-002   1.3935304660550108E-002   1.0766305543533373E-002   9.8373739575997477E-003   9.3051402506310436E-003   7.3506602801151977E-003   7.3608750258045575E-003   7.0891079856098089E-003   4.8659238518766581E-003   4.6756203462698740E-003   4.6678853414898339E-003   4.5201366950213175E-003   4.2454580587224329E-003   3.5568123852641686E-003   3.7384827635851933E-003   3.0098463557719562E-003   2.3649106586101035E-003   2.5000926796247343E-003   2.6044081369161103E-003   2.2417040236537805E-003   1.6926577740787919E-003   1.3668301949909738E-003   1.3777936160220424E-003   1.5177555293151199E-003   1.5411994799441747E-003   1.3497565683248957E-003   1.0808668599786217E-003   9.3316513983559787E-004   1.1483375576785383E-003   1.5182851817273869E-003   1.5398991605882718E-003   1.0661163809075644E-003   8.5670454473890634E-004   1.2738775268050261E-003   1.6091537757345761E-003   1.5681295202897689E-003   1.3411906545758754E-003   1.2669017255899496E-003   1.4450165327592798E-003   1.7141794019209615E-003   1.8673473247911572E-003   1.8190979042935567E-003   1.6948007447836722E-003   1.6702517565518563E-003   1.9648895078365719E-003   2.3813210386047041E-003   2.4705773270783031E-003   2.0753459019159813E-003   1.9265561051951675E-003   2.4173523568638412E-003   2.8424187167364460E-003   2.8777942791641535E-003   2.6861347646196846E-003   2.6043226046809469E-003   2.7666762648546864E-003   3.0654122393547908E-003   3.3104741015354618E-003   3.3853179254047785E-003   3.2948322351808771E-003   3.1940952900487542E-003   3.2385941121884352E-003   3.5997790982194773E-003   4.0427884972078229E-003   4.1021868966882461E-003   3.6823899415542737E-003   3.5364327962749396E-003   4.0115439520071157E-003   4.4209280468002713E-003   4.4568260522697221E-003   4.2831933234553912E-003   4.2294840889656174E-003   4.4081398146257672E-003   4.6708763510134753E-003   4.8142061700719831E-003   4.7609142698912567E-003   4.6501500421626202E-003   4.6655804663989818E-003   4.9918672351720152E-003   5.3955503873567992E-003   5.4104401473722072E-003   4.9747980768385996E-003   4.8288954512054850E-003   5.2780758448080492E-003   5.6630820425433680E-003   5.6851719222392834E-003   5.4949381156784178E-003   5.4110360108919073E-003   5.5492260503408105E-003   5.7723139986622183E-003   5.8856030487762110E-003   5.8160385281895424E-003   5.6996667899010516E-003   5.7096881329448904E-003   6.0145230940378434E-003   6.3792540162248461E-003   6.3553495572717692E-003   5.8939335004745139E-003   5.7307389222863705E-003   6.1706259650129661E-003   6.5544580694753760E-003   6.5618908709424682E-003   6.3243851014774012E-003   6.1709517969564297E-003   6.2588579052559089E-003   6.4963736311132031E-003   6.6817704712805260E-003   6.6848563337814498E-003   6.5286233269382004E-003   6.3996416462693941E-003   6.4604241654184500E-003   6.8187986642437694E-003   7.1831849935611253E-003   7.0804242048964124E-003   6.5525991348897869E-003   6.3731174447414184E-003   6.7845812447757782E-003   7.1489989047580672E-003   7.1664354656597864E-003   6.9601717260296472E-003   6.8311769252231216E-003   6.9010497438760712E-003   7.0536305978369240E-003   7.1158220023169591E-003   7.0316057488570959E-003   6.9386430081319669E-003   6.9908518517960245E-003   7.3054755346949321E-003   7.6116374219824647E-003   7.4618002707220370E-003   6.9053732773368421E-003   6.7085091383886969E-003   7.1187132697728920E-003   7.5035545079974149E-003   7.5465414259651368E-003   7.3478250312050946E-003   7.1969484407775211E-003   7.2240751189675649E-003   7.3332032968512770E-003   7.3699081241013443E-003   7.2871426678755959E-003   7.2167574065056146E-003   7.2947650111845012E-003   7.6128482463766302E-003   7.8900505134119371E-003   7.6910656628754988E-003   7.1062675549632588E-003   6.9115320506911541E-003   7.3286896789018612E-003   7.7188236060650858E-003   7.7520756346896799E-003   7.5208080838484225E-003   7.3334492230876097E-003   7.3589042033712160E-003   7.5293726435543499E-003   7.6590490834351523E-003   7.6289938274778056E-003   7.4744745399538811E-003   7.3828471548882573E-003   7.4868187604245724E-003   7.8431717157143033E-003   8.1212591109811501E-003   7.8498783743299085E-003   7.1672533444608923E-003   6.9496059628214686E-003   7.4399401105494454E-003   7.9572536120785225E-003   8.1252385680648607E-003   7.9699638400088455E-003   7.7335510893922427E-003   7.5418392660543945E-003   7.3706077207826692E-003   7.1676484058784823E-003   7.0219198629775919E-003   7.0202116077251143E-003   7.3249773731189167E-003   7.6134610610402572E-003   7.3021575426711824E-003   6.4301339362362866E-003   6.1839808946063321E-003   6.8676548305850391E-003   7.2292389914067091E-003   6.6077486618001590E-003   5.3001545351413892E-003   4.3035910854706512E-003   4.6512539524695782E-003   6.1796417829397829E-003   7.7372089159585544E-003   6.3670692484798647E-003   2.9805616124013337E-003  -3.0957021103903215E-003  -2.6628045032547308E-003   2.0897061858714634E-011
  -3.4949913419079056E-005 -0.22208514812110575       0.12561206633796640       0.29331986019791662       -9.5047292820231971E-002  -4.1889268865031165E-002  -7.7768366938376465E-002  -8.4661078666421016E-002  -6.8478882100862573E-002  -4.8206203945959085E-002  -2.4564357804450487E-002   6.7322954273737361E-004   2.2703714151158419E-002   5.1604467619186981E-002   8.1118658432237117E-002  0.10569830310187128       0.13099614512628788       0.15151653572066601       0.16380370597950134       0.17343360186011395       0.17776361913902772       0.17685144261959374       0.17147692090523778       0.16122604277021282       0.15192578493130157       0.14228451985210350       0.13147864675574175       0.12401659721217966       0.11754800628019166       0.11047383311057790       0.10689868803616739       0.10470292522632363       0.10346996111668354       0.10258623225253248       0.10022313810684060       0.10020973945079772       0.10014691765558062        9.8026477410681795E-002   9.7486502726378987E-002   9.6019730027430930E-002   9.1844107657758731E-002   8.9228318103225721E-002   8.6662297805764177E-002   8.4158498735527582E-002   8.1495843348541874E-002   7.7170713961031659E-002   7.5164048169309466E-002   7.3604513418858250E-002   7.0652455859718674E-002   6.9685098979868451E-002   6.8439097295151033E-002   6.5222224875092882E-002   6.3947424833864314E-002   6.2822648670224940E-002   6.1467581858512144E-002   5.9933717728651838E-002   5.8005706623348481E-002   5.6928918284653837E-002   5.4963557219476052E-002   5.3068909402233307E-002   5.1978686093462262E-002   5.0885008217022867E-002   4.9353803509826162E-002   4.7673376904197436E-002   4.6241986195504098E-002   4.5156291701520114E-002   4.4204347210853902E-002   4.3145641513111198E-002   4.1886886308016250E-002   4.0557793364599484E-002   3.9352104112042541E-002   3.8513975495526327E-002   3.7850152005486450E-002   3.6859116281422334E-002   3.5392377397303651E-002   3.4206409629075618E-002   3.3657842617302640E-002   3.3042707682614213E-002   3.2071241013617253E-002   3.0945049673736166E-002   2.9995979639657763E-002   2.9314051988243120E-002   2.8735825537528157E-002   2.8058497507582547E-002   2.7200495203195393E-002   2.6280372654019727E-002   2.5470639894755998E-002   2.4993086649305045E-002   2.4663624288165445E-002   2.4031565051405048E-002   2.2934606193010035E-002   2.2097840686721049E-002   2.1907659310087774E-002   2.1664103743283192E-002   2.1048535871751952E-002   2.0235318723623739E-002   1.9553662787479092E-002   1.9126285443436971E-002   1.8842095800346438E-002   1.8518375057198836E-002   1.8045416084607909E-002   1.7427509474196516E-002   1.6807679468572981E-002   1.6336466791779313E-002   1.6190366663327703E-002   1.6150223619301914E-002   1.5750642724310308E-002   1.4890254648664128E-002   1.4313700523590616E-002   1.4359125388924953E-002   1.4343361704535108E-002   1.3965167626942783E-002   1.3402034523757812E-002   1.2978945522256854E-002   1.2798754951721700E-002   1.2708659174267296E-002   1.2506059587989598E-002   1.2115621527978231E-002   1.1671245445753821E-002   1.1356921525249425E-002   1.1364087808489074E-002   1.1472438581715698E-002   1.1212988526505440E-002   1.0515711328801646E-002   1.0111174731308462E-002   1.0296170878596867E-002   1.0416227491026621E-002   1.0181460172296635E-002   9.7569902054062789E-003   9.4575880666190621E-003   9.3888820979978176E-003   9.4073423865146562E-003   9.3171888553650762E-003   9.0464675108333260E-003   8.7270539390981589E-003   8.5343825838852961E-003   8.6452214265399108E-003   8.8382918541839457E-003   8.6619941590472260E-003   8.0583200673940442E-003   7.7526304548747290E-003   8.0411773193733316E-003   8.2699869400018715E-003   8.1276921497730800E-003   7.7594456709226163E-003   7.4889149943149717E-003   7.4624032770814197E-003   7.5825782191435561E-003   7.6509459471120591E-003   7.5412011821236226E-003   7.2760755032552169E-003   7.0348670953482070E-003   6.9811644348431751E-003   7.2330945910486629E-003   7.5130904645234987E-003   7.3447618743748911E-003   6.7588506993780592E-003   6.5152774373813073E-003   6.8465847058845446E-003   7.1201716288830999E-003   7.0490724032934195E-003   6.7737604229699596E-003   6.5929945035830195E-003   6.6176397473296841E-003   6.7221932578212986E-003   6.7292929248451107E-003   6.5832648211814459E-003   6.4209752165934253E-003   6.4039455497536951E-003   6.6625184015787105E-003   6.9384271685511310E-003   6.7770622181401305E-003   6.2122055117463156E-003   5.9936533896083116E-003   6.3584323306975742E-003   6.6816024821260466E-003   6.6632893987465898E-003   6.4245088344692704E-003   6.2548944173321545E-003   6.2735474243513639E-003   6.3725134616034350E-003   6.3899700251993366E-003   6.2775400980669910E-003   6.1671488992387190E-003   6.2048546124881688E-003   6.4979372825729438E-003   6.7784613872072528E-003   6.6030890648574939E-003   6.0444433208980807E-003   5.8598134737057233E-003   6.2593116342322154E-003   6.6111592479356817E-003   6.6027180616852104E-003   6.3474451252619806E-003   6.1544847593492987E-003   6.1836765105374005E-003   6.3582471398716542E-003   6.4892728927670026E-003   6.4564551967903547E-003   6.2938477829896115E-003   6.1848901615936839E-003   6.2682278726972551E-003   6.6138587765443985E-003   6.9025517474661340E-003   6.6532493372029582E-003   5.9854018482654045E-003   5.7579787193816501E-003   6.2080526545293035E-003   6.6724213444954552E-003   6.8046695987918600E-003   6.6611602743257047E-003   6.4834110897166106E-003   6.3752873087500345E-003   6.2804887814134165E-003   6.1224261074027718E-003   5.9749151225148142E-003   5.9360759568212575E-003   6.1973349008023629E-003   6.4719671195439142E-003   6.1819128711551085E-003   5.3592447806686486E-003   5.1786666637736551E-003   5.9318008535329259E-003   6.3636090613109599E-003   5.7982863698809476E-003   4.5088728971680462E-003   3.4625773791318263E-003   3.6967182276770646E-003   5.1650742948331036E-003   6.7874957128163061E-003   5.7369116148349303E-003   2.6493460365368589E-003  -3.2521327231996430E-003  -2.6687670828655198E-003  -1.8768986365111900E-011
  -7.7306849005763975E-005 -0.48155230554535833       0.36127083933384146       0.94139789837299226      -0.63087073367760604      -0.55584599992693828      -0.51446206116992765      -0.52102403277539833      -0.48866522456003059      -0.45076194555548332      -0.41195651161621583      -0.37125206337979827      -0.33831955872446257      -0.29839312720018901      -0.25998443602014482      -0.22918943670107336      -0.19711128869064254      -0.17052570475024334      -0.15317820387200329      -0.13707879744897661      -0.12645325800626570      -0.12034157126613836      -0.11741614954140389      -0.11957708470209741      -0.11950090364241622      -0.11968247622177386      -0.12168672498808894      -0.11967330771520200      -0.11699335475141781      -0.11593380360905944      -0.11101157130553677      -0.10572688941232201       -9.9915819992248384E-002  -9.3759032776329410E-002  -9.0283151808587106E-002  -8.4128811754666064E-002  -7.8459191667491143E-002  -7.5813023039298336E-002  -7.1012307825787921E-002  -6.7264240901339215E-002  -6.6947335776675068E-002  -6.4345470516888340E-002  -6.2261658557576392E-002  -6.0156155610761659E-002  -5.7838421616310878E-002  -5.8018509710051201E-002  -5.5336753784816235E-002  -5.2434689898769274E-002  -5.1744495189060789E-002  -4.8519673115573994E-002  -4.5708054444971363E-002  -4.5634255783268983E-002  -4.3006198789202740E-002  -4.0818328404556556E-002  -3.8952625551400256E-002  -3.7223810298266422E-002  -3.6255406442449629E-002  -3.4069583143057754E-002  -3.3216801203259823E-002  -3.2301702491845594E-002  -3.0593215303075214E-002  -2.9041864443540736E-002  -2.7993440736149140E-002  -2.7129421714116378E-002  -2.6096409174573468E-002  -2.4826132650215108E-002  -2.3523528882737791E-002  -2.2386994666139057E-002  -2.1498830277451742E-002  -2.0729028673976913E-002  -1.9948361542031594E-002  -1.8879780967505342E-002  -1.7685281843594233E-002  -1.6831180053371801E-002  -1.6542365289903296E-002  -1.6027679174136788E-002  -1.4896342628284823E-002  -1.3951707296469154E-002  -1.3385652498566738E-002  -1.2993444825845905E-002  -1.2468386190367145E-002  -1.1746528672337208E-002  -1.0984173400661221E-002  -1.0351311028222931E-002  -9.9227331601945499E-003  -9.5793273511686223E-003  -9.2084558012569019E-003  -8.5554795014200994E-003  -7.7809763000099537E-003  -7.2948466461269772E-003  -7.3430700780090508E-003  -7.1745574516988413E-003  -6.3595073891670635E-003  -5.6991447033592282E-003  -5.4123835770448275E-003  -5.3181723005503662E-003  -5.1142113586251283E-003  -4.7115762575621360E-003  -4.2188981726646330E-003  -3.7912962450787676E-003  -3.5104080835929334E-003  -3.3811937382350011E-003  -3.2719523238926174E-003  -3.0902611477403416E-003  -2.6208246210149468E-003  -2.0485945475359072E-003  -1.8071712682105252E-003  -2.0760027056502565E-003  -2.0853085119551299E-003  -1.4688243737743100E-003  -1.0010990381453086E-003  -8.8762341061896942E-004  -9.4572089200575555E-004  -8.7399378607778489E-004  -5.9587628105576445E-004  -2.6005077076014923E-004  -4.1506104458848735E-005  -1.1990227123305422E-005  -3.9919505154368919E-005   4.5257439044410134E-006   3.4636079859948611E-004   7.9804160377801737E-004   9.1300968993539224E-004   5.4963427257873575E-004   4.6391068379920893E-004   9.7185211712734780E-004   1.3389679528332315E-003   1.3677114737391436E-003   1.2277550076922386E-003   1.2113326282800494E-003   1.3977557410789934E-003   1.6457854592265347E-003   1.7844956693235830E-003   1.7445820082458781E-003   1.6564123306077323E-003   1.6444132230901750E-003   1.9196288501434353E-003   2.2929699524176536E-003   2.3345029899340523E-003   1.9133311682787541E-003   1.7769510156810046E-003   2.2414655197910784E-003   2.5771650302924567E-003   2.5660300969983256E-003   2.3581262361233478E-003   2.2512691029833707E-003   2.3580061774477455E-003   2.5815698488369514E-003   2.7481730972410182E-003   2.7558725806202723E-003   2.6164537641065475E-003   2.4953662389235417E-003   2.5066794574855711E-003   2.8093629149677640E-003   3.1714647814110649E-003   3.1255650648965116E-003   2.6368335204619529E-003   2.4860246436304448E-003   2.9046113249917528E-003   3.1982133739283719E-003   3.1710415686061057E-003   2.9694562076597844E-003   2.8724513275647325E-003   2.9641235427272129E-003   3.1173260764184637E-003   3.1734161803707245E-003   3.0765059281194825E-003   2.9624281343285153E-003   2.9507683385197082E-003   3.2113607764307711E-003   3.5263107808848619E-003   3.4465913900148062E-003   2.9370829825579449E-003   2.7646670625489506E-003   3.1660787950957875E-003   3.4575918153741474E-003   3.4323919940147185E-003   3.2212841721778983E-003   3.0961605761916037E-003   3.1484204180999916E-003   3.2646756047561474E-003   3.2974089461784580E-003   3.1962013919633121E-003   3.0930479675132690E-003   3.0970041013091264E-003   3.3578178473371071E-003   3.6502649911763479E-003   3.5307065122173091E-003   3.0028970422745081E-003   2.8391064493217145E-003   3.2448405501205166E-003   3.5374532525011635E-003   3.4981555658061014E-003   3.2485597183830530E-003   3.0764379847497592E-003   3.1084312286766597E-003   3.2645122387805411E-003   3.3738959229017863E-003   3.3353182401184745E-003   3.1704349184161588E-003   3.0526176923404888E-003   3.0781019027951136E-003   3.3655973729005261E-003   3.6476460845822423E-003   3.4390043066072776E-003   2.7817024701724852E-003   2.5474318655282677E-003   2.9598400391850277E-003   3.3073456671631929E-003   3.3567720919303228E-003   3.1878439116013449E-003   3.0356949405728807E-003   2.9686251174267258E-003   2.9129811410005353E-003   2.7684834744241093E-003   2.6172390264895770E-003   2.5037473428183811E-003   2.6906682239136574E-003   2.9449433335625393E-003   2.7040061575143732E-003   1.8665131983816449E-003   1.6587807612149293E-003   2.4183135992488550E-003   2.8147020379624505E-003   2.3236338650401028E-003   1.1727602384287647E-003   1.4890316530324495E-004   2.4629469117653943E-004   1.3712344168671227E-003   3.0834683060753749E-003   2.0895399609719696E-003   2.3904052693402990E-004  -5.8089806032685272E-003  -5.5289071768447207E-003   5.5525362085988823E-011
  -3.5527109285180719E-015  -2.1100105415475336E-014   1.0618332126115999E-014   7.1124847354970604E-015  -1.4206924014512051E-014   1.0658817115934391E-014   1.0657845918418859E-014   2.4868914338196262E-014   3.1974109306798463E-014   6.0395645755458346E-014   5.6842934112004809E-014   8.8817095897542884E-014   4.6184888407908850E-014   5.3290256461357599E-014   2.8421470116284267E-014   5.6842940425902060E-014   6.7500991943744891E-014   6.0395624564646156E-014   4.6184889528004472E-014   4.2632205870662075E-014   2.4868786851809490E-014   2.4868786950810269E-014   2.8421470919812775E-014   4.2632206566648031E-014   1.7763419484223001E-014   3.1974155224610313E-014   4.2632207178646795E-014   4.9737575299526780E-014   6.0395627474347021E-014   6.7500995788901844E-014   6.3948312169080378E-014   4.9737576428217673E-014   6.7500996996866348E-014   8.8817101875705055E-014   6.7500997867085974E-014   6.0395630077072624E-014   7.8159051228786366E-014   6.3948315096182253E-014   4.2632210375007975E-014   6.0395631816160766E-014   6.3948316530479242E-014   8.5264422709249397E-014   9.2369792009337817E-014   1.1723858312714476E-013   9.9475162274627721E-014   6.3948319152124771E-014   1.1368590170715435E-013   8.5264427039288226E-014   9.5922481289390630E-014   6.0395636925522654E-014   2.8421476467660820E-014   4.9737584294636857E-014   3.1974161643666559E-014   2.8421477298009454E-014   7.8159063355975455E-014   5.3290271014662508E-014   7.1053695423609808E-015   7.1053696172018123E-015  -2.1316109079392061E-014  -3.9079533735736606E-014  -2.4868794468690260E-014  -4.6184904527491944E-014  -5.3290275055854836E-014  -3.9079535487328168E-014   1.7763425426912305E-014  -1.0658055380867956E-014  -2.1316111014093269E-014   3.5526852115534074E-015   1.4210741018247561E-014   0.0000000000000000        3.5526853419591887E-015  -2.8421483090656017E-014  -1.7763427155717832E-014   7.1053709527714904E-015  -5.3290282830753602E-014  -2.4868798976901140E-014  -3.5526856146128678E-015  -2.8421485291953219E-014   3.5526857087640672E-014   1.0658057269242078E-014   4.2632229653223076E-014   3.5526858528190529E-015   3.1974173114010540E-014   3.5526859506392975E-014   8.1711778001327124E-014   5.6842976796850616E-014   6.3948349797599082E-014   1.1013327065740536E-013   8.1711782620948574E-014   4.2632235022476943E-014   2.8421490424932123E-014   4.2632236255581371E-014   2.8421491251276082E-014   1.7763432292201159E-014   1.4210746042858103E-014   2.1316119379337460E-014   3.1974179543601475E-014   1.4210746675613990E-014  -7.1053734441131782E-015  -1.7763433877026788E-014  -3.1974181460460893E-014  -2.4868808178556257E-014  -3.5526869365279597E-014  -7.1053739811234894E-014  -8.8817176118563065E-014  -8.8817177476505931E-014  -3.1974184381544131E-014  -9.2369867409736052E-014  -7.4606432517453938E-014  -9.5922557572564380E-014  -8.8817184308907754E-014  -1.1368599767320584E-013  -9.5922562021734660E-014  -9.2369875970908210E-014  -9.2369877403602688E-014  -1.4921288119867239E-013  -1.2789675729921579E-013  -1.1723869601208302E-013  -1.3500213689914121E-013  -1.6697632981132369E-013  -1.6342364448118879E-013  -1.5987095903967618E-013  -1.5987096152019922E-013  -1.6697634017652808E-013  -1.5631827833114478E-013  -1.4921290435188279E-013  -1.6342365967233212E-013  -1.3855484403367493E-013  -1.7763441816363835E-013  -1.5276560196915212E-013  -1.7763442361945919E-013  -1.3500216401721642E-013  -1.4210754324066294E-013  -1.2789679086440104E-013  -1.2789679280673661E-013  -1.0658066228605075E-013  -8.8817219912236399E-014  -9.5922598948092980E-014  -8.8817222579462614E-014  -7.8159157037001021E-014  -7.4606469190387195E-014  -5.6843024986964016E-014  -4.9737647597055686E-014  -1.0658067498680399E-014  -2.1316135308781324E-014  -1.4210757079104854E-014  -2.4868825248086660E-014  -2.4868825605807363E-014  -2.8421515384606072E-014  -1.0658068420796110E-014   3.5526895238179336E-015   0.0000000000000000        3.5526896233085002E-015   2.8421517380497438E-014   0.0000000000000000       -3.5526897700410383E-015  -3.9079588000734676E-014  -1.7763449330450408E-014  -2.8421519308454394E-014  -2.8421519685119671E-014  -3.1974210065981147E-014  -7.1053801072443635E-014  -9.2369942587108618E-014  -5.6843042319505165E-014  -6.3948423420158168E-014  -3.5526902346149556E-014  -4.2632283345355046E-014  -2.8421522579958018E-014  -6.3948426583544040E-014  -7.1053808170897406E-014  -9.9475332624199927E-014  -9.5922643302980604E-014  -8.8817263351336762E-014  -9.2369954947613859E-014  -8.5264574766237161E-014  -9.2369957032630080E-014  -8.8817267360618726E-014  -6.7501123931249891E-014  -7.4606506201310596E-014  -8.5264579421270779E-014  -6.3948435235247781E-014  -5.3290363245501349E-014  -8.8817272977636184E-014  -8.5264582910691539E-014  -4.6184982864111897E-014  -5.3290365358558256E-014  -6.3948439038175180E-014  -2.1316146545150893E-014  -1.0658073370332540E-014  -1.0658073466283112E-014  -7.1053823736062743E-015  -7.1053824351296941E-015   7.1053824954143893E-015  -3.9079604049472558E-014  -3.5526913061123983E-015   1.0658074003093845E-014   7.1053827239526939E-015   1.4210765555771027E-014   0.0000000000000000        2.8421531527360068E-014   4.2632297591057258E-014   4.6184989373363060E-014   2.1316149083564323E-014   4.6184989980001552E-014   3.5526915592420827E-014   7.4606523198479485E-014   4.9737682425659164E-014   1.0658074866290518E-013   3.9079608058354689E-014   7.1053833210887633E-014   4.2632300144648154E-014   7.8159217316279076E-014   6.3948450833325482E-014   6.0395759393367851E-014   4.6184992676798704E-014   6.0395759903036707E-014   6.7501143685442887E-014   3.1974226075028357E-014   1.4210767194353623E-014   2.8421534482705877E-014   4.6184993677702031E-014   1.7763459158283228E-014   3.5526918412215470E-015   1.0658075550160741E-014   1.7763459290777841E-014   2.4868843058563316E-014   7.1053837443525302E-015   4.6184994412945853E-014   3.5526918836206497E-015   0.0000000000000000        1.4210767589260510E-014   1.7763459358192370E-014  -4.9737687728351851E-014  -2.1316149501295319E-014  -3.5527136788005065E-015
